0.200826 
0.046652 
0.255885 
-0.053256 
-0.058805 
0.171444 
-0.039528 
-0.109503 
-0.034382 
0.082697 
0.059972 
0.131220 
0.031795 
0.074302 
-0.069503 
0.173082 
-0.122244 
-0.065972 
-0.050545 
-0.111597 
-0.070731 
-0.034681 
-0.022371 
-0.020152 
0.074428 
0.313551 
0.432705 
0.064700 
-0.173148 
-0.077891 
-0.005083 
0.120659 
0.198422 
0.026252 
0.022429 
-0.268911 
0.040101 
0.273994 
-0.108024 
-0.036419 
-0.132040 
0.100710 
0.112858 
-0.066965 
-0.220850 
-0.240498 
0.139998 
0.122065 
0.089740 
-0.006560 
-0.275821 
-0.163536 
-0.043768 
-0.072276 
-0.066867 
-0.166729 
0.027151 
-0.024651 
-0.008282 
0.027546 
-0.050579 
0.124169 
0.243247 
0.106141 
-0.081963 
-0.084683 
0.261163 
0.095592 
0.255371 
0.073604 
0.052554 
0.181818 
0.224998 
0.227959 
0.146907 
-0.157020 
-0.283108 
-0.090981 
0.125728 
0.153148 
-0.114973 
-0.067069 
0.291527 
0.327971 
0.157944 
0.174697 
0.356791 
0.383229 
-0.002376 
-0.061386 
0.242653 
0.088095 
-0.155535 
-0.112401 
-0.125444 
0.133051 
-0.036313 
-0.050202 
-0.168268 
0.005137 
-0.012183 
-0.026016 
-0.023669 
0.007886 
-0.041541 
0.104286 
-0.077963 
0.008931 
0.037735 
0.026912 
-0.007574 
-0.062569 
-0.003561 
-0.013633 
0.051542 
0.087866 
0.136098 
-0.013007 
-0.148877 
-0.072953 
0.020851 
0.006344 
0.069431 
0.104996 
0.056733 
0.010566 
0.118497 
-0.055837 
0.167971 
0.037060 
-0.094722 
0.045737 
0.172167 
0.031900 
0.209432 
0.052396 
0.089133 
0.126596 
0.104239 
-0.011219 
0.105032 
0.087882 
0.027061 
0.066213 
0.198041 
0.246656 
0.171449 
0.003261 
-0.078717 
0.126960 
0.093912 
0.072373 
-0.070712 
0.073386 
0.228553 
0.034641 
-0.123914 
0.065727 
0.134539 
0.246008 
0.113032 
0.070731 
0.097716 
0.095687 
0.087767 
-0.093225 
-0.046961 
0.202618 
0.231865 
-0.000761 
0.232822 
0.323359 
0.018561 
0.225150 
-0.092072 
-0.010893 
0.042171 
-0.103738 
0.119407 
0.031585 
0.001445 
-0.067917 
-0.003738 
-0.232360 
-0.128715 
0.183829 
-0.063906 
-0.106837 
0.060351 
0.227765 
0.062349 
0.053437 
-0.040542 
0.194418 
0.041202 
0.119049 
0.064608 
0.106073 
-0.127150 
-0.020511 
-0.091173 
-0.033803 
-0.016950 
-0.030687 
-0.053440 
-0.020900 
-0.039788 
-0.339916 
-0.323084 
-0.201995 
-0.085315 
-0.296047 
-0.262810 
-0.159303 
0.070111 
-0.168874 
0.003721 
0.087222 
0.402999 
0.254649 
0.363213 
0.117967 
0.386691 
0.125488 
0.240289 
-0.042562 
0.098813 
0.092947 
-0.017881 
-0.010071 
0.190620 
0.061694 
-0.053508 
0.102601 
0.008635 
0.008617 
0.060886 
0.143226 
0.030768 
0.019637 
-0.115201 
0.085683 
-0.053143 
0.056969 
0.025860 
-0.002580 
0.076703 
-0.064076 
0.055986 
0.124393 
-0.118426 
-0.003058 
-0.003959 
0.133031 
-0.016899 
-0.080598 
-0.084214 
-0.032930 
0.163019 
0.080067 
-0.095225 
0.136440 
0.265049 
0.292755 
0.220481 
-0.022264 
0.097953 
0.201955 
-0.113527 
-0.128998 
0.095051 
0.291935 
0.268906 
-0.066705 
-0.126950 
0.089897 
0.122867 
0.217594 
0.015058 
-0.209761 
0.016715 
0.065841 
0.194791 
-0.116885 
-0.127192 
-0.066331 
-0.093713 
0.258555 
0.230376 
0.100965 
-0.220285 
-0.049692 
0.004596 
0.170138 
0.062523 
-0.077014 
-0.251126 
-0.022332 
-0.015491 
0.234310 
0.238095 
0.152478 
0.044744 
0.008874 
0.065518 
0.072068 
0.071169 
-0.176294 
0.049205 
0.085534 
0.050749 
-0.096766 
-0.085134 
0.020311 
0.162721 
-0.142707 
-0.129471 
0.032200 
0.038234 
0.115543 
-0.018333 
0.048290 
-0.071552 
0.135329 
0.038603 
-0.056285 
0.043032 
-0.074407 
0.080308 
0.072292 
0.107828 
0.080931 
0.104013 
0.166590 
0.221816 
0.145896 
0.198882 
0.104800 
0.079463 
0.068800 
-0.030971 
-0.020917 
-0.208348 
0.062165 
0.274139 
-0.230175 
-0.133818 
0.031776 
0.199725 
0.121711 
-0.142357 
-0.195045 
-0.202456 
-0.026338 
-0.143532 
0.218880 
0.229224 
0.308707 
0.194629 
0.199014 
0.149040 
0.182469 
0.164123 
0.088171 
0.167439 
-0.111927 
-0.104150 
-0.175292 
-0.138127 
0.173435 
-0.109847 
-0.286145 
-0.045749 
-0.018115 
-0.041576 
0.021059 
0.030759 
0.059625 
0.097122 
-0.011781 
-0.024503 
0.056365 
-0.037700 
0.017944 
0.021127 
0.044236 
-0.035006 
0.129843 
-0.061414 
0.186175 
0.037561 
-0.011269 
0.019484 
-0.081776 
0.127749 
-0.102872 
0.037939 
-0.081645 
0.005207 
0.102460 
-0.013804 
-0.180825 
-0.046523 
-0.107013 
0.139266 
0.145461 
-0.125253 
0.040618 
0.035223 
0.141066 
0.147152 
0.069768 
-0.021624 
-0.056088 
0.145064 
0.172996 
0.215887 
-0.003942 
0.199249 
0.097765 
-0.072686 
0.144038 
0.029188 
0.125415 
0.012116 
-0.090855 
-0.167497 
0.091234 
0.152024 
0.379851 
-0.059459 
-0.165430 
-0.003887 
0.152745 
0.306530 
0.086579 
0.061080 
-0.032625 
-0.136774 
0.244647 
-0.243510 
-0.187286 
-0.112745 
0.036478 
0.239671 
-0.045683 
0.019948 
0.078631 
0.174884 
0.380973 
0.170892 
0.220485 
0.176909 
-0.070550 
0.046994 
0.019843 
0.083734 
0.094068 
-0.150151 
-0.088925 
0.031206 
0.016308 
0.017414 
-0.055863 
0.112709 
0.091995 
-0.039859 
0.044131 
0.152923 
0.050337 
0.029101 
0.152259 
0.092778 
0.087479 
0.001193 
0.055914 
0.065201 
0.196138 
-0.090991 
-0.176872 
0.019450 
0.147777 
0.227782 
-0.150729 
-0.271317 
-0.069526 
0.238104 
0.342754 
-0.010071 
-0.342890 
-0.280481 
-0.016528 
0.477200 
0.153735 
-0.318692 
-0.331719 
-0.271336 
0.223265 
0.508320 
0.072861 
-0.014090 
0.029931 
0.034484 
0.206228 
0.367148 
0.127234 
0.214848 
0.185296 
0.003573 
0.079418 
0.102209 
-0.000551 
0.044525 
0.045829 
0.021738 
0.114940 
0.095161 
0.200337 
0.153346 
0.001349 
0.254832 
0.073384 
0.019268 
0.013826 
0.190844 
0.023653 
0.101627 
0.193776 
0.135528 
0.051718 
0.104762 
0.017762 
0.170539 
0.080417 
0.103140 
0.170675 
0.065266 
0.101334 
0.166742 
-0.023011 
-0.217099 
0.046085 
-0.025960 
0.050280 
-0.065379 
-0.079779 
-0.050047 
0.186800 
-0.082074 
0.000262 
0.241848 
0.457045 
0.482465 
0.471537 
0.558589 
-0.192172 
0.049744 
0.041627 
0.089930 
-0.012847 
-0.418302 
-0.284840 
-0.276227 
-0.303032 
-0.439636 
-0.249168 
-0.195297 
-0.285111 
-0.340545 
-0.122662 
-0.067749 
-0.105024 
-0.037426 
0.112077 
0.127681 
-0.193323 
0.238863 
0.259367 
0.087998 
-0.058924 
-0.234630 
0.464150 
0.270154 
-0.106286 
-0.382031 
-0.103300 
0.585626 
0.134770 
-0.276466 
-0.260673 
-0.022250 
0.480301 
-0.042999 
-0.146511 
-0.168415 
0.300142 
0.308492 
-0.101610 
-0.235501 
-0.223253 
-0.036081 
0.311540 
0.206758 
0.124135 
0.065234 
0.159643 
0.282179 
-0.021415 
-0.223758 
-0.146497 
0.342141 
0.057497 
-0.318020 
-0.145661 
0.155176 
0.257475 
0.189251 
-0.046078 
0.096520 
0.289127 
0.114354 
0.334045 
0.355658 
0.399590 
0.124475 
-0.073095 
-0.042027 
-0.134493 
0.193484 
0.250911 
0.045553 
-0.028652 
0.144935 
0.310947 
0.113623 
0.215489 
0.209830 
-0.055591 
-0.129328 
0.010829 
0.378192 
-0.063347 
-0.080388 
-0.073956 
0.034034 
0.115224 
0.086167 
0.066175 
-0.059178 
0.097935 
0.185616 
-0.232747 
-0.274218 
-0.252872 
-0.177439 
0.364315 
0.045473 
-0.206222 
-0.461765 
-0.367446 
0.130625 
0.726278 
0.360256 
0.040388 
-0.205791 
-0.107833 
0.417599 
0.591344 
0.275407 
0.082446 
-0.306353 
-0.129015 
0.023561 
0.130593 
0.297451 
0.533776 
0.048218 
-0.316435 
0.139076 
0.178988 
0.430687 
-0.252611 
-0.177979 
0.127180 
0.087800 
0.223351 
0.115257 
-0.154505 
0.022947 
-0.092950 
0.073174 
0.125226 
0.156566 
0.231311 
0.009486 
0.057683 
0.179802 
0.170512 
-0.047304 
-0.031095 
-0.322645 
-0.054835 
0.059429 
-0.048254 
0.170323 
-0.462190 
0.056635 
0.451469 
0.212011 
0.196483 
-0.161340 
0.663676 
0.008339 
-0.164833 
-0.119821 
0.257903 
0.442265 
-0.212705 
-0.330048 
-0.120352 
0.024151 
-0.237148 
-0.347093 
-0.095773 
0.093630 
-0.064716 
-0.074144 
0.111442 
0.118131 
0.260742 
-0.015377 
0.071359 
-0.019251 
0.304527 
0.222326 
-0.124145 
-0.177750 
0.025314 
0.194028 
0.186892 
-0.146940 
-0.128568 
-0.007944 
0.245982 
0.069788 
-0.225116 
-0.039314 
-0.078582 
0.274378 
0.070164 
0.200311 
0.084055 
-0.117609 
0.019326 
0.023920 
-0.021669 
-0.007339 
0.011074 
-0.019830 
0.126273 
0.200149 
-0.067693 
0.129438 
-0.041460 
0.093252 
-0.009823 
-0.006152 
0.097310 
0.122344 
-0.086301 
0.073317 
0.016594 
0.049952 
0.090304 
0.074190 
-0.037118 
0.003064 
0.154361 
0.199496 
0.069513 
0.185605 
0.304934 
0.161596 
0.132512 
0.193692 
0.054983 
-0.124197 
-0.071318 
0.061718 
0.294881 
-0.027170 
-0.056425 
-0.253220 
-0.267377 
-0.198772 
0.127345 
0.024209 
0.037353 
-0.108147 
-0.252077 
