-6.368257105350494385e-02
-2.518456988036632538e-02
-5.813404172658920288e-02
3.065661876462399960e-04
-5.743238702416419983e-02
5.686078220605850220e-02
3.038441203534603119e-02
-7.348463404923677444e-03
-1.386134698987007141e-02
-1.767076700925827026e-01
-8.306381106376647949e-02
-1.582424938678741455e-01
6.517942249774932861e-02
-3.809915110468864441e-02
-1.638681888580322266e-01
-1.441117823123931885e-01
1.116791367530822754e-01
-1.338699012994766235e-01
-9.168168902397155762e-02
-1.333367824554443359e-01
-2.316398173570632935e-01
-9.453121572732925415e-02
-1.208814233541488647e-01
1.424717833288013935e-03
-9.338420629501342773e-02
-1.661390066146850586e-02
-1.789913922548294067e-01
-8.555140346288681030e-02
-1.219585165381431580e-01
-1.111517921090126038e-01
-2.756025642156600952e-02
-4.762526601552963257e-02
-1.364858746528625488e-01
-2.393248528242111206e-01
-7.322263717651367188e-02
-4.028518125414848328e-02
-1.848169863224029541e-01
-1.364964097738265991e-01
-1.195055097341537476e-01
-6.270469166338443756e-03
-2.258207276463508606e-02
-1.313894838094711304e-01
2.576763741672039032e-02
-6.008800864219665527e-02
-5.210517905652523041e-03
8.874780684709548950e-02
-1.525610499083995819e-02
-8.569184690713882446e-02
-2.200238779187202454e-02
3.599408268928527832e-02
-1.378732323646545410e-01
5.360462144017219543e-02
-6.603617966175079346e-02
5.994490906596183777e-02
1.009280327707529068e-02
-1.535730659961700439e-01
-1.926874667406082153e-01
-7.470767945051193237e-02
-1.236698776483535767e-01
-1.045522689819335938e-01
-1.639887504279613495e-02
-6.160288676619529724e-02
-4.747611656785011292e-02
-7.354067265987396240e-02
