-3.570712208747863770e-01
1.867133975028991699e-01
-2.525507807731628418e-01
-5.088559351861476898e-03
-3.003717958927154541e-01
-4.374392628669738770e-01
-3.121044933795928955e-01
-2.193269580602645874e-01
-6.224222108721733093e-02
-4.653254449367523193e-01
-1.945691406726837158e-01
-1.315137296915054321e-01
-2.079584002494812012e-01
-3.570087552070617676e-01
-1.593458652496337891e-01
-3.878970146179199219e-01
-4.590896517038345337e-02
-1.701677292585372925e-01
-3.210617303848266602e-01
-2.164351642131805420e-01
-3.989213407039642334e-01
-3.356552124023437500e-01
-3.936029970645904541e-01
-2.967096269130706787e-01
-1.523841917514801025e-01
-5.434529110789299011e-02
-1.869941712357103825e-03
7.057887502014636993e-03
-7.831961661577224731e-02
-2.861133217811584473e-01
-2.587345540523529053e-01
-3.445551171898841858e-02
