7.742296904325485229e-02
5.128797143697738647e-02
7.308286428451538086e-02
6.235912442207336426e-02
7.368476688861846924e-02
5.948105826973915100e-02
6.255798041820526123e-02
7.006245106458663940e-02
6.414553523063659668e-02
6.774494796991348267e-02
6.233485788106918335e-02
7.735437899827957153e-02
6.990548223257064819e-02
7.938520610332489014e-02
6.369689851999282837e-02
7.003722339868545532e-02
6.970854848623275757e-02
6.590716540813446045e-02
7.298897206783294678e-02
5.797103419899940491e-02
6.902030855417251587e-02
7.177821546792984009e-02
7.210488617420196533e-02
7.487944513559341431e-02
7.537400722503662109e-02
7.419995963573455811e-02
5.606817454099655151e-02
7.783685624599456787e-02
6.586994230747222900e-02
7.483170181512832642e-02
7.559131085872650146e-02
7.487088441848754883e-02
6.912408769130706787e-02
6.612952053546905518e-02
6.934887915849685669e-02
6.604316085577011108e-02
8.079686015844345093e-02
7.240549474954605103e-02
6.953437626361846924e-02
6.341561675071716309e-02
7.177532464265823364e-02
7.086826860904693604e-02
7.537439465522766113e-02
6.284701824188232422e-02
7.013254612684249878e-02
6.924991309642791748e-02
6.286063045263290405e-02
6.048245728015899658e-02
6.689824163913726807e-02
5.626732483506202698e-02
6.935764849185943604e-02
7.415877282619476318e-02
7.933658361434936523e-02
6.603642553091049194e-02
7.101757079362869263e-02
6.543319672346115112e-02
6.310980021953582764e-02
7.398530095815658569e-02
6.534828245639801025e-02
6.421615183353424072e-02
5.650569126009941101e-02
7.785058766603469849e-02
7.355446368455886841e-02
7.270620018243789673e-02
6.373878568410873413e-02
6.835538893938064575e-02
5.942557379603385925e-02
6.812539696693420410e-02
6.015163287520408630e-02
6.070269271731376648e-02
7.140772789716720581e-02
6.977682560682296753e-02
6.472681462764739990e-02
8.380696922540664673e-02
6.567151844501495361e-02
6.741542369127273560e-02
6.597223877906799316e-02
7.274156063795089722e-02
6.031264364719390869e-02
5.546006560325622559e-02
6.472106277942657471e-02
7.514864951372146606e-02
4.835612699389457703e-02
7.014291733503341675e-02
6.062626466155052185e-02
6.147411838173866272e-02
7.273168861865997314e-02
6.497645378112792969e-02
6.223386526107788086e-02
6.890477985143661499e-02
6.598857790231704712e-02
6.505741924047470093e-02
7.187126576900482178e-02
7.066410034894943237e-02
6.800976395606994629e-02
6.576338410377502441e-02
6.230973452329635620e-02
6.663881987333297729e-02
6.660409271717071533e-02
7.337804138660430908e-02
6.002756580710411072e-02
6.517756730318069458e-02
5.914686620235443115e-02
6.160101667046546936e-02
6.212116777896881104e-02
5.788252502679824829e-02
6.498508155345916748e-02
7.192272692918777466e-02
6.007485836744308472e-02
6.547190248966217041e-02
7.435130327939987183e-02
6.806883215904235840e-02
6.285368651151657104e-02
6.989079713821411133e-02
5.399926006793975830e-02
6.980293244123458862e-02
6.368941068649291992e-02
5.644873902201652527e-02
6.986990571022033691e-02
5.751178786158561707e-02
7.839799672365188599e-02
6.168760359287261963e-02
6.875865906476974487e-02
6.909316778182983398e-02
6.239726021885871887e-02
6.339446455240249634e-02
6.114762648940086365e-02
5.709853395819664001e-02
7.221210002899169922e-02
6.991567462682723999e-02
6.498336046934127808e-02
6.954839080572128296e-02
6.921517848968505859e-02
5.642011016607284546e-02
6.589081883430480957e-02
7.004807144403457642e-02
6.758785247802734375e-02
7.437764853239059448e-02
7.134918868541717529e-02
7.299211621284484863e-02
6.496115028858184814e-02
6.855627149343490601e-02
6.573402136564254761e-02
6.280589848756790161e-02
6.347221136093139648e-02
5.195773765444755554e-02
7.228986173868179321e-02
7.184416055679321289e-02
6.153549626469612122e-02
6.798572838306427002e-02
6.768379360437393188e-02
5.831637233495712280e-02
6.782277673482894897e-02
6.991812586784362793e-02
7.234583795070648193e-02
6.208220124244689941e-02
7.144461572170257568e-02
6.547503173351287842e-02
6.510604918003082275e-02
6.543403118848800659e-02
6.543342024087905884e-02
6.493322551250457764e-02
6.332994252443313599e-02
7.603894174098968506e-02
6.827647238969802856e-02
4.180479049682617188e-02
7.180179655551910400e-02
5.678942427039146423e-02
5.387709289789199829e-02
5.208136141300201416e-02
7.423517107963562012e-02
6.416939944028854370e-02
6.786651909351348877e-02
6.224818155169487000e-02
5.728963017463684082e-02
6.489329040050506592e-02
7.597684860229492188e-02
6.894319504499435425e-02
5.741889029741287231e-02
6.739017367362976074e-02
5.659650266170501709e-02
6.247849017381668091e-02
6.660817563533782959e-02
7.038091868162155151e-02
5.854798108339309692e-02
7.360970973968505859e-02
6.862811744213104248e-02
6.181941181421279907e-02
7.681489735841751099e-02
6.065722554922103882e-02
7.102101296186447144e-02
6.639818847179412842e-02
6.734700500965118408e-02
6.813957542181015015e-02
8.174746483564376831e-02
6.124749034643173218e-02
7.419106364250183105e-02
6.133730337023735046e-02
6.825934350490570068e-02
7.029728591442108154e-02
7.050820440053939819e-02
7.568715512752532959e-02
6.869694590568542480e-02
6.473829597234725952e-02
7.049331068992614746e-02
6.637206673622131348e-02
6.582393497228622437e-02
6.403525918722152710e-02
7.844280451536178589e-02
6.832380592823028564e-02
6.860911846160888672e-02
6.173802539706230164e-02
6.461796909570693970e-02
6.540011614561080933e-02
7.077404856681823730e-02
7.034755498170852661e-02
6.283646821975708008e-02
6.692413985729217529e-02
6.634672731161117554e-02
7.061982154846191406e-02
6.653740257024765015e-02
6.511474400758743286e-02
6.379655003547668457e-02
7.225350290536880493e-02
6.975640356540679932e-02
7.711057364940643311e-02
6.581087410449981689e-02
7.716611772775650024e-02
7.403595745563507080e-02
7.197304815053939819e-02
7.106160372495651245e-02
7.780980318784713745e-02
6.293532252311706543e-02
7.332329452037811279e-02
6.836844235658645630e-02
7.969827950000762939e-02
6.760908663272857666e-02
7.227569818496704102e-02
7.480541616678237915e-02
5.254364013671875000e-02
6.337473541498184204e-02
6.147165969014167786e-02
7.175197452306747437e-02
6.467216461896896362e-02
7.899016886949539185e-02
5.884606391191482544e-02
7.011324912309646606e-02
6.650964915752410889e-02
7.740579545497894287e-02
5.988201126456260681e-02
6.419722735881805420e-02
4.707607626914978027e-02
6.644359230995178223e-02
6.053730100393295288e-02
7.192934304475784302e-02
7.540743798017501831e-02
5.670691281557083130e-02
5.486372858285903931e-02
5.947846919298171997e-02
6.415594369173049927e-02
5.490326508879661560e-02
7.036339491605758667e-02
6.184685602784156799e-02
7.674383372068405151e-02
5.274237692356109619e-02
5.873749032616615295e-02
5.904011428356170654e-02
7.644780725240707397e-02
7.287553697824478149e-02
6.500310450792312622e-02
7.632666081190109253e-02
6.972379237413406372e-02
6.354578584432601929e-02
6.831789761781692505e-02
6.920042634010314941e-02
6.821731477975845337e-02
5.898328125476837158e-02
7.104973495006561279e-02
5.495595932006835938e-02
6.399659812450408936e-02
6.270850449800491333e-02
7.070130854845046997e-02
7.099483162164688110e-02
5.518391355872154236e-02
5.968230217695236206e-02
5.563720315694808960e-02
7.672494649887084961e-02
7.109901309013366699e-02
6.447916477918624878e-02
8.209235221147537231e-02
6.858007609844207764e-02
5.974387750029563904e-02
7.297765463590621948e-02
6.444605439901351929e-02
6.583482027053833008e-02
5.698426812887191772e-02
7.224103808403015137e-02
6.689684092998504639e-02
7.563909143209457397e-02
6.212938576936721802e-02
5.522600933909416199e-02
6.456789374351501465e-02
7.219547778367996216e-02
6.295913457870483398e-02
7.703681290149688721e-02
5.918672680854797363e-02
6.504073739051818848e-02
6.207055225968360901e-02
7.487621158361434937e-02
7.816319912672042847e-02
7.261259108781814575e-02
7.205726206302642822e-02
6.182966381311416626e-02
6.722454726696014404e-02
7.459947466850280762e-02
6.468118727207183838e-02
5.296886712312698364e-02
6.688393652439117432e-02
6.854873895645141602e-02
6.617625057697296143e-02
7.001280784606933594e-02
6.751906871795654297e-02
7.115375995635986328e-02
6.391420960426330566e-02
6.226654350757598877e-02
8.338871598243713379e-02
7.454602420330047607e-02
6.975486129522323608e-02
5.836394429206848145e-02
6.567985564470291138e-02
6.044913083314895630e-02
7.498128712177276611e-02
6.903697550296783447e-02
6.648094952106475830e-02
7.408373802900314331e-02
5.824018269777297974e-02
6.743072718381881714e-02
7.254143059253692627e-02
6.932746618986129761e-02
8.172500878572463989e-02
7.110355049371719360e-02
7.592874020338058472e-02
7.154616713523864746e-02
7.172548770904541016e-02
6.549825519323348999e-02
6.489512324333190918e-02
7.047210633754730225e-02
7.124894857406616211e-02
7.352229207754135132e-02
7.227847725152969360e-02
6.441259384155273438e-02
7.606559991836547852e-02
6.814412772655487061e-02
6.990572810173034668e-02
5.639334022998809814e-02
6.858222931623458862e-02
6.785881519317626953e-02
7.314740121364593506e-02
6.698013097047805786e-02
5.969755724072456360e-02
7.315325736999511719e-02
7.312248647212982178e-02
6.480452418327331543e-02
6.598963588476181030e-02
7.256601750850677490e-02
6.285653263330459595e-02
6.632915139198303223e-02
6.876469403505325317e-02
5.848204344511032104e-02
6.847417354583740234e-02
6.035330519080162048e-02
7.407516241073608398e-02
6.535467505455017090e-02
6.822232156991958618e-02
6.303893029689788818e-02
6.285735219717025757e-02
6.917554885149002075e-02
7.817485928535461426e-02
5.371350795030593872e-02
7.657244056463241577e-02
7.030463963747024536e-02
6.157504767179489136e-02
6.433524936437606812e-02
7.642126083374023438e-02
7.302328199148178101e-02
6.005207449197769165e-02
5.425550043582916260e-02
6.422425806522369385e-02
6.823603063821792603e-02
6.371355056762695312e-02
6.316188722848892212e-02
6.335718184709548950e-02
7.644890248775482178e-02
6.418568640947341919e-02
7.290764898061752319e-02
7.474224269390106201e-02
8.023388683795928955e-02
6.625063717365264893e-02
8.000001311302185059e-02
5.680142343044281006e-02
5.656997859477996826e-02
7.380601763725280762e-02
7.601182162761688232e-02
6.630544364452362061e-02
6.011192500591278076e-02
7.114228606224060059e-02
7.387868314981460571e-02
6.677772849798202515e-02
7.138506323099136353e-02
7.022621482610702515e-02
7.082038372755050659e-02
5.585597828030586243e-02
6.772918254137039185e-02
5.812434479594230652e-02
7.004411518573760986e-02
7.413081824779510498e-02
6.308417022228240967e-02
6.836917251348495483e-02
6.029848381876945496e-02
5.936489999294281006e-02
7.020346820354461670e-02
7.171865552663803101e-02
5.454497784376144409e-02
6.321207433938980103e-02
8.458411693572998047e-02
5.655098706483840942e-02
6.725408881902694702e-02
6.920496374368667603e-02
6.447961181402206421e-02
7.138679176568984985e-02
7.217603176832199097e-02
6.241344287991523743e-02
6.971365213394165039e-02
5.106584355235099792e-02
6.337689608335494995e-02
7.305462658405303955e-02
6.141519546508789062e-02
6.202855333685874939e-02
6.667184829711914062e-02
5.779725685715675354e-02
6.043486669659614563e-02
5.199199914932250977e-02
6.371583789587020874e-02
7.193105667829513550e-02
7.425732910633087158e-02
6.313914805650711060e-02
6.706637144088745117e-02
7.197327166795730591e-02
7.547761499881744385e-02
6.793918460607528687e-02
5.579396337270736694e-02
6.493805348873138428e-02
7.121458649635314941e-02
7.063893228769302368e-02
6.565406918525695801e-02
6.678564846515655518e-02
7.056789100170135498e-02
7.048662751913070679e-02
6.383751332759857178e-02
5.725171044468879700e-02
6.581962853670120239e-02
6.261336803436279297e-02
5.752322077751159668e-02
6.477519869804382324e-02
6.786397844552993774e-02
5.889826640486717224e-02
5.310738086700439453e-02
8.385942876338958740e-02
5.539150536060333252e-02
6.178536266088485718e-02
6.909830123186111450e-02
5.966772884130477905e-02
7.139177620410919189e-02
6.816685199737548828e-02
6.053190305829048157e-02
6.064836308360099792e-02
5.846827849745750427e-02
6.367966532707214355e-02
6.356600672006607056e-02
6.586139649152755737e-02
6.428015232086181641e-02
7.026902586221694946e-02
7.292863726615905762e-02
6.707448512315750122e-02
6.666150689125061035e-02
6.707824021577835083e-02
6.930986046791076660e-02
5.997034907341003418e-02
6.110513582825660706e-02
7.266118377447128296e-02
6.464257836341857910e-02
7.609833031892776489e-02
6.638119369745254517e-02
6.035450473427772522e-02
6.491720676422119141e-02
6.948590278625488281e-02
7.379025220870971680e-02
6.445849686861038208e-02
5.828212201595306396e-02
5.809353664517402649e-02
5.681748688220977783e-02
6.827653199434280396e-02
6.232719123363494873e-02
6.961014121770858765e-02
6.394488364458084106e-02
5.996986478567123413e-02
6.367354840040206909e-02
7.200973480939865112e-02
7.221513241529464722e-02
6.602916121482849121e-02
7.057153433561325073e-02
6.748620420694351196e-02
