-0.007337 
0.027116 
-0.003347 
0.114006 
-0.012896 
0.063371 
0.084577 
-0.106552 
-0.001955 
-0.074279 
-0.021715 
-0.040213 
-0.090364 
-0.057746 
0.057617 
-0.057684 
0.012422 
0.027674 
-0.066332 
-0.029581 
-0.047677 
0.050043 
0.053433 
0.017072 
0.082251 
0.000130 
0.093751 
-0.113313 
-0.119084 
0.054565 
0.028623 
0.058048 
-0.034714 
0.069669 
-0.080812 
0.158557 
-0.101285 
0.005919 
0.075202 
-0.041443 
-0.002715 
0.116284 
-0.027204 
-0.020914 
0.016660 
-0.112201 
0.025137 
-0.136186 
0.082441 
0.055277 
0.116333 
-0.180134 
0.115063 
-0.135761 
0.133676 
0.014664 
-0.119489 
0.057182 
-0.166571 
-0.054681 
0.109629 
-0.081689 
-0.049630 
-0.062150 
-0.037720 
0.005984 
0.109701 
0.037125 
-0.134677 
-0.060561 
0.000702 
-0.099840 
0.028070 
-0.015594 
0.017087 
0.096118 
0.106426 
0.152951 
0.005589 
-0.033394 
0.156643 
-0.084009 
-0.100815 
0.128604 
0.058864 
0.119751 
0.019915 
-0.171601 
0.094876 
-0.126990 
0.144379 
0.067796 
0.107885 
-0.162738 
-0.090385 
0.052846 
-0.014934 
-0.067113 
-0.007120 
-0.071868 
0.016129 
-0.002933 
0.010479 
-0.084332 
0.026141 
0.074101 
0.088721 
-0.108351 
-0.084250 
0.076590 
0.094373 
0.076642 
0.057360 
-0.017171 
-0.100066 
0.133886 
0.121897 
-0.005290 
0.072299 
0.065162 
0.079277 
-0.073820 
0.057110 
-0.098730 
-0.036899 
-0.075964 
0.008813 
0.158382 
0.090347 
-0.091970 
-0.156190 
0.154584 
0.086924 
-0.042972 
0.018149 
0.009605 
-0.096300 
0.065779 
-0.077470 
0.053200 
-0.099855 
-0.044633 
-0.057170 
-0.111103 
-0.098677 
-0.052234 
0.139280 
0.029057 
-0.066777 
0.045742 
0.047542 
0.085105 
0.100602 
-0.153465 
0.147878 
-0.073134 
-0.030541 
0.155629 
-0.112101 
0.019526 
-0.079780 
-0.059708 
-0.098514 
-0.101526 
-0.072314 
0.138838 
-0.117782 
-0.060217 
0.018346 
0.185872 
-0.020966 
0.132223 
0.138894 
0.002877 
0.059293 
0.026729 
-0.074514 
0.069082 
-0.054294 
0.036102 
-0.109963 
0.016144 
0.038967 
0.071998 
0.013896 
0.056438 
-0.089056 
0.123313 
-0.064150 
0.125791 
-0.128312 
-0.057750 
0.004352 
-0.053515 
-0.054908 
0.022015 
-0.065458 
0.039283 
0.017614 
-0.062159 
-0.000781 
-0.107288 
-0.051867 
-0.097926 
-0.045173 
0.033858 
0.029530 
-0.017203 
-0.006881 
0.020440 
-0.112634 
-0.013296 
0.122440 
-0.048670 
0.086581 
0.058226 
0.099958 
-0.096762 
-0.032728 
0.025213 
-0.060299 
0.043358 
0.014943 
-0.003318 
0.092379 
-0.076789 
0.067685 
-0.053846 
0.010014 
-0.086255 
0.080625 
-0.088468 
0.061679 
-0.029902 
-0.116549 
-0.104958 
-0.125386 
0.057465 
0.021218 
0.093145 
0.061360 
0.104026 
-0.061659 
0.101074 
-0.150786 
0.013645 
-0.036645 
0.047592 
0.163253 
-0.075993 
-0.002673 
0.060396 
0.084908 
-0.054155 
0.051881 
0.004388 
0.033726 
-0.034524 
-0.008967 
0.044926 
0.084640 
-0.112183 
-0.113512 
0.093383 
-0.033748 
-0.141852 
-0.024718 
0.050810 
0.006345 
-0.088397 
-0.112071 
0.038978 
0.074808 
0.024279 
-0.018749 
-0.093282 
-0.065353 
0.041153 
0.188139 
0.111437 
0.141934 
-0.027451 
0.006752 
-0.144648 
-0.002322 
0.082537 
-0.071095 
0.043281 
0.030216 
0.003936 
-0.141061 
-0.037418 
-0.135889 
-0.106199 
0.026867 
-0.006266 
0.045231 
0.054039 
0.064468 
0.137060 
-0.072116 
0.090866 
0.075802 
0.187195 
-0.028187 
-0.128492 
-0.102063 
-0.032615 
0.030019 
0.079810 
0.020510 
-0.007029 
0.057686 
-0.017617 
-0.042193 
0.110382 
0.076289 
0.155149 
0.061398 
0.087155 
-0.102317 
-0.032980 
-0.005737 
-0.090986 
-0.021874 
-0.023331 
0.080706 
-0.015545 
0.082232 
0.087216 
-0.076465 
-0.102858 
0.012166 
0.098633 
-0.053968 
0.196725 
-0.036648 
-0.061545 
0.137653 
-0.057391 
0.101485 
-0.051177 
0.145317 
0.078115 
0.042308 
-0.028393 
-0.029072 
-0.028377 
0.218214 
0.027789 
0.006635 
0.107244 
0.014314 
0.028088 
0.074938 
0.052429 
-0.013999 
0.005428 
0.089679 
-0.121960 
-0.006445 
0.074616 
-0.027996 
-0.091715 
-0.054809 
-0.020026 
-0.072837 
-0.093788 
0.020984 
-0.213358 
0.080014 
0.101425 
-0.007503 
0.074564 
-0.030722 
-0.003347 
0.082454 
-0.054972 
-0.049233 
-0.084550 
0.036941 
0.095229 
0.029197 
-0.033454 
-0.058228 
-0.092054 
-0.007279 
-0.034066 
-0.116421 
0.057654 
-0.004007 
0.107081 
0.012924 
0.097058 
-0.065560 
-0.081296 
-0.132103 
-0.018796 
-0.077919 
0.055309 
0.085135 
-0.002547 
-0.067411 
-0.139951 
0.033648 
-0.061490 
-0.005692 
0.165296 
-0.083725 
-0.013717 
-0.046768 
0.023423 
0.082584 
-0.109902 
0.058161 
-0.044314 
0.030548 
0.049827 
0.017148 
0.086544 
-0.030926 
-0.074859 
0.028547 
0.014524 
0.066932 
-0.131275 
-0.153140 
0.043531 
-0.034450 
-0.013247 
0.105919 
0.071023 
-0.144603 
0.158019 
0.106317 
0.090588 
-0.112174 
-0.046623 
0.064249 
0.157960 
0.091943 
0.068718 
-0.067820 
-0.130928 
0.061932 
-0.003438 
0.057377 
0.037759 
0.096373 
-0.010767 
0.076654 
0.032620 
-0.092374 
0.174974 
-0.079478 
-0.147758 
-0.069461 
0.037347 
0.021878 
0.095575 
-0.014827 
0.122076 
-0.013515 
-0.014285 
0.206726 
0.067716 
-0.057558 
0.061117 
0.015048 
0.115655 
0.031228 
0.098382 
-0.003273 
0.037178 
-0.025992 
-0.144826 
0.012949 
0.082810 
-0.074224 
-0.012087 
0.018054 
0.060195 
-0.074387 
0.057493 
0.040858 
-0.172756 
0.049424 
-0.030378 
0.114641 
0.032844 
-0.049662 
-0.076133 
0.037798 
-0.145317 
-0.047973 
0.021728 
-0.018108 
-0.000219 
-0.073025 
-0.091145 
0.078007 
-0.100449 
0.052625 
0.067791 
-0.048543 
-0.058332 
-0.035147 
0.067161 
0.069488 
0.006138 
-0.165975 
-0.116309 
0.082851 
-0.053804 
-0.153280 
-0.051016 
0.055788 
0.019151 
-0.066852 
-0.092731 
0.120888 
-0.128531 
0.079527 
0.160639 
0.189083 
-0.038434 
-0.015520 
0.084049 
0.039559 
0.054400 
-0.044385 
-0.036093 
-0.118422 
0.071537 
-0.149993 
0.026428 
0.060449 
0.016668 
-0.133480 
0.086881 
0.127072 
0.137811 
0.006730 
-0.049057 
0.007565 
-0.061256 
0.088036 
0.044170 
0.028127 
0.136140 
-0.109836 
-0.103261 
-0.043462 
-0.076611 
-0.036831 
-0.153155 
-0.034462 
0.058884 
-0.062486 
0.118466 
0.020723 
-0.078519 
-0.172809 
0.104243 
0.150075 
0.009729 
-0.079183 
-0.053009 
-0.105600 
-0.020781 
-0.078247 
-0.086429 
-0.009458 
-0.021595 
0.093666 
0.034499 
0.038014 
0.002680 
-0.059634 
0.040700 
0.089183 
0.042580 
0.123213 
0.036578 
-0.014475 
0.182799 
-0.119945 
0.105090 
-0.116513 
0.100707 
-0.059137 
-0.135702 
-0.117655 
0.065363 
-0.023282 
0.029751 
-0.071689 
-0.012054 
0.157734 
0.010009 
-0.094636 
-0.146997 
0.016682 
-0.038061 
0.069978 
-0.121104 
0.027610 
-0.117824 
-0.007478 
-0.004472 
0.174100 
0.083499 
-0.082834 
0.011541 
-0.145351 
-0.010261 
0.002687 
0.055640 
0.111228 
0.124408 
0.093543 
0.009872 
-0.114522 
0.120185 
-0.010345 
0.060224 
0.020741 
-0.142461 
-0.019795 
-0.019422 
0.015554 
-0.081463 
0.119497 
-0.011635 
0.090706 
0.035884 
-0.004751 
0.102736 
-0.099042 
-0.151096 
0.152375 
-0.023362 
-0.001657 
0.012646 
-0.026221 
0.105248 
-0.028657 
-0.079224 
-0.011321 
-0.006574 
-0.122820 
-0.043243 
-0.000528 
0.048493 
0.076065 
0.047522 
-0.049416 
0.043388 
0.081406 
-0.048687 
0.073962 
0.028058 
-0.047647 
0.032695 
-0.019657 
0.071736 
0.067364 
0.052937 
-0.066543 
0.142546 
-0.004668 
0.082041 
-0.032624 
0.050467 
-0.074357 
0.108455 
-0.016811 
-0.144114 
-0.140327 
-0.061207 
-0.123767 
-0.027072 
0.131601 
0.061098 
-0.005487 
0.018352 
-0.083295 
0.081426 
-0.094038 
0.004465 
-0.023814 
-0.095484 
-0.070436 
0.003662 
-0.128823 
-0.013307 
0.011246 
0.104137 
-0.006837 
0.127009 
-0.010147 
-0.203906 
0.009652 
0.007764 
0.075825 
0.102291 
0.042947 
0.092522 
0.111620 
-0.046127 
0.075482 
-0.079713 
0.025300 
0.114246 
0.062285 
0.090820 
-0.056605 
-0.045996 
-0.042759 
-0.068838 
0.003739 
0.052499 
-0.057417 
-0.027669 
-0.050227 
0.043614 
0.139922 
0.062688 
-0.002619 
-0.126232 
0.067776 
-0.031609 
0.077071 
-0.022069 
0.018400 
0.030302 
0.073852 
0.135507 
0.065988 
0.136597 
0.140955 
-0.079783 
0.096269 
0.102494 
-0.024131 
-0.009721 
-0.003094 
0.143593 
-0.012809 
0.017759 
0.131341 
-0.059138 
0.010311 
-0.048465 
0.030235 
-0.128154 
0.136686 
0.091898 
-0.039512 
0.000370 
-0.020995 
0.011969 
0.002040 
-0.040378 
-0.011313 
0.042366 
0.031710 
0.037936 
-0.096913 
-0.029828 
0.159132 
0.039866 
-0.087315 
0.020159 
0.101899 
-0.120436 
0.016600 
-0.165837 
-0.015829 
0.199536 
0.023292 
-0.027308 
0.149287 
0.095843 
0.150273 
-0.018226 
0.112103 
-0.094972 
-0.006312 
-0.037694 
0.088407 
-0.091244 
-0.099804 
-0.077614 
0.114618 
-0.060647 
-0.013378 
0.064821 
-0.049577 
-0.036321 
0.012280 
0.136531 
0.003637 
-0.047191 
0.072583 
0.029395 
0.039894 
-0.062996 
0.019405 
-0.211852 
0.028280 
0.040953 
-0.052855 
-0.036577 
0.063555 
0.028967 
0.121736 
0.099097 
0.007989 
-0.041309 
-0.142927 
-0.122782 
0.086119 
0.080807 
-0.078617 
0.024762 
0.032660 
0.002899 
-0.059508 
-0.035767 
0.018799 
-0.120974 
0.131636 
0.086245 
0.074589 
-0.120228 
-0.061632 
0.129317 
0.120050 
0.156730 
-0.053308 
-0.007700 
0.085975 
0.120798 
0.133215 
-0.071710 
-0.006688 
0.129548 
-0.075182 
-0.132825 
-0.010913 
0.114145 
-0.024281 
0.076754 
0.072835 
0.011841 
0.095553 
0.036738 
-0.097921 
-0.016163 
0.180285 
0.184669 
0.103658 
0.081027 
0.050426 
0.069985 
0.042147 
0.024545 
0.043932 
-0.061995 
-0.070666 
-0.038054 
0.147375 
0.130633 
-0.087100 
-0.045726 
-0.012841 
0.005787 
0.034903 
-0.012999 
-0.113619 
0.131506 
-0.005216 
-0.081756 
-0.041144 
-0.088471 
-0.003834 
-0.036216 
-0.068972 
0.013637 
-0.072702 
0.059022 
0.037717 
0.083329 
-0.042050 
0.072117 
0.011340 
-0.052321 
-0.063685 
0.022402 
0.140516 
-0.069997 
0.128212 
-0.228501 
0.145756 
-0.111563 
0.148944 
0.139143 
0.073870 
0.059096 
0.044597 
0.027039 
-0.115971 
0.006279 
-0.005958 
-0.130562 
-0.072204 
-0.006184 
0.045830 
0.011781 
0.166127 
-0.036665 
0.079934 
0.013914 
-0.109451 
0.029735 
0.026352 
0.020691 
0.058164 
-0.098859 
0.020596 
-0.022284 
0.133530 
0.095172 
-0.031592 
0.039133 
0.111984 
0.040632 
-0.045500 
0.055337 
-0.090440 
-0.112788 
-0.051870 
0.049701 
-0.094265 
-0.003507 
-0.090108 
0.078837 
0.063998 
-0.052165 
0.041196 
-0.051605 
0.073502 
-0.046784 
-0.139587 
0.134709 
0.100868 
-0.058008 
-0.209749 
0.001611 
-0.028237 
-0.016916 
-0.149116 
0.012728 
0.000883 
0.048565 
0.060545 
-0.132565 
-0.031082 
-0.086491 
-0.107709 
-0.063912 
-0.034630 
0.114594 
-0.164383 
-0.083400 
0.023655 
0.073583 
-0.098961 
0.184275 
0.015320 
-0.056278 
-0.055945 
-0.117901 
0.103736 
0.036449 
-0.125894 
-0.102917 
-0.035056 
-0.073421 
-0.116980 
0.048445 
-0.159956 
0.092822 
0.107256 
-0.083204 
-0.059769 
0.001816 
-0.069429 
0.066811 
-0.106831 
0.056846 
0.022676 
-0.023429 
-0.054791 
-0.020525 
0.113843 
0.064034 
-0.141735 
-0.100508 
0.055898 
-0.121768 
-0.124744 
0.025805 
-0.098043 
-0.023799 
-0.052234 
-0.156042 
0.022592 
0.037164 
0.073449 
-0.004336 
-0.002347 
0.060156 
-0.166663 
0.087575 
0.076328 
0.006793 
0.019741 
0.002119 
0.034144 
0.018455 
0.074793 
0.131953 
-0.030059 
-0.140142 
0.139134 
-0.131746 
-0.109160 
-0.005170 
0.105792 
-0.100964 
0.001658 
-0.111810 
0.015638 
0.035510 
-0.003022 
-0.149230 
-0.100551 
0.079541 
-0.038977 
-0.134401 
-0.009057 
-0.060922 
0.043333 
-0.089274 
0.056474 
0.095564 
0.066583 
0.030633 
-0.018869 
-0.132356 
-0.076280 
0.009991 
-0.030188 
-0.167939 
-0.125942 
-0.087765 
0.049776 
-0.084139 
0.095257 
0.144349 
-0.064980 
-0.009593 
-0.135424 
-0.165565 
-0.201780 
-0.077314 
-0.086978 
-0.009732 
-0.080041 
-0.016826 
-0.086726 
0.087308 
-0.018003 
-0.046074 
0.073724 
0.016271 
-0.042595 
-0.003267 
-0.005042 
-0.017031 
0.107477 
0.025525 
-0.000218 
0.079580 
-0.186748 
-0.166392 
-0.061407 
0.040308 
-0.025712 
-0.017374 
-0.073228 
-0.005415 
0.046814 
0.015554 
0.139713 
0.023160 
-0.013771 
-0.079994 
-0.121953 
0.088081 
-0.033989 
-0.022364 
0.013132 
-0.042803 
-0.046293 
-0.139368 
0.116423 
-0.147740 
-0.018791 
0.060653 
0.151700 
0.033206 
-0.018155 
0.036976 
-0.010673 
0.049901 
0.062499 
-0.032574 
0.024301 
-0.011972 
-0.068599 
-0.096756 
0.119031 
-0.112352 
-0.077851 
0.040503 
0.072982 
-0.046564 
0.024847 
0.044321 
0.062383 
-0.029954 
-0.079402 
0.052021 
0.156772 
-0.016256 
0.075090 
-0.013985 
-0.036392 
-0.012219 
-0.193026 
0.116519 
0.095416 
0.137295 
0.125921 
0.116247 
-0.167581 
-0.017180 
0.020954 
0.018775 
0.087822 
0.033865 
0.041710 
-0.007213 
0.068426 
-0.058821 
0.007544 
0.008969 
-0.102828 
0.061267 
0.021123 
0.015936 
0.149036 
-0.137710 
0.121692 
-0.072382 
-0.016849 
-0.018175 
0.091576 
0.021799 
0.008093 
0.010043 
-0.049895 
0.118421 
-0.147817 
-0.050039 
0.009255 
0.133690 
0.100908 
0.126444 
0.076039 
0.154405 
-0.129544 
-0.035216 
0.140174 
0.082002 
-0.080779 
-0.125359 
0.074923 
0.009465 
-0.087995 
0.007014 
-0.082596 
0.078736 
-0.098134 
0.061085 
-0.053530 
-0.197118 
0.090150 
-0.049100 
-0.056470 
-0.045319 
-0.122162 
0.084492 
-0.038922 
-0.061373 
-0.184952 
0.023677 
0.040792 
-0.064887 
-0.069619 
-0.121592 
-0.209543 
0.050487 
-0.090298 
-0.018622 
0.087070 
0.061042 
0.010606 
-0.115775 
-0.129289 
0.060903 
-0.208880 
-0.038024 
-0.019635 
0.101345 
-0.048328 
0.183644 
0.083975 
0.147241 
-0.036029 
-0.064338 
0.152022 
-0.007626 
0.179168 
-0.085386 
0.116678 
0.153578 
-0.099863 
-0.028632 
0.109320 
0.005046 
-0.008433 
0.069139 
-0.123705 
-0.101537 
0.029380 
-0.140159 
-0.096647 
-0.045591 
0.130416 
-0.052281 
-0.083660 
0.178313 
-0.140685 
0.042053 
0.025106 
0.055207 
-0.107902 
0.152409 
-0.018099 
0.087099 
-0.033930 
0.020405 
0.079728 
0.015667 
0.032413 
-0.024393 
-0.053366 
-0.005851 
0.097880 
0.129396 
-0.137275 
-0.097516 
0.040050 
0.019468 
0.017883 
-0.096629 
0.021492 
0.087593 
-0.006215 
0.001700 
0.079672 
0.020597 
-0.007636 
-0.042829 
0.122752 
-0.051428 
0.041812 
0.031529 
0.146885 
-0.161048 
0.027561 
0.126859 
-0.069025 
0.062439 
-0.082717 
-0.030869 
0.021043 
-0.055678 
-0.009426 
0.053528 
0.165407 
0.106043 
-0.087168 
0.021618 
0.142091 
0.079933 
-0.088705 
0.083416 
0.032265 
0.026472 
0.064295 
-0.075348 
0.059621 
0.086984 
0.157177 
0.087589 
0.060763 
0.000086 
-0.172339 
0.007651 
0.115026 
0.116911 
0.053131 
-0.018708 
0.040900 
-0.058965 
-0.013147 
-0.106701 
0.050025 
0.060931 
0.093833 
0.138644 
-0.036127 
-0.177840 
-0.042019 
0.081841 
0.034247 
0.041091 
0.167076 
-0.025954 
-0.070969 
0.023355 
-0.090750 
-0.028666 
0.062333 
0.103588 
-0.025563 
0.103702 
-0.076766 
0.095779 
0.038495 
-0.010993 
0.022574 
0.107421 
-0.017717 
-0.034246 
0.064232 
0.029804 
0.050147 
-0.047997 
0.141857 
0.084284 
-0.044816 
0.063102 
0.088151 
0.032309 
-0.007350 
0.190328 
0.010271 
-0.098619 
-0.045057 
0.131923 
0.039224 
-0.161682 
-0.077552 
-0.106962 
0.019559 
0.008357 
-0.052145 
0.064335 
0.135922 
0.070861 
-0.041273 
-0.006850 
-0.025036 
-0.060644 
0.099515 
0.012314 
0.078164 
0.131888 
0.051771 
0.105776 
0.114970 
0.137515 
0.072237 
-0.019332 
0.038139 
0.038097 
-0.065090 
0.152206 
-0.003294 
0.085951 
-0.079377 
-0.096135 
-0.060989 
0.125647 
-0.115885 
0.144224 
0.108888 
-0.049527 
-0.063953 
-0.114823 
0.113874 
-0.089572 
-0.001233 
-0.159883 
-0.035821 
-0.040006 
-0.048496 
-0.121748 
0.202077 
-0.064859 
0.075648 
0.125949 
-0.049173 
-0.024234 
0.041590 
-0.082078 
0.027653 
0.040794 
-0.083874 
-0.076808 
0.053067 
0.000653 
-0.127812 
-0.025140 
-0.124150 
-0.008218 
-0.039027 
0.044115 
-0.000804 
0.099530 
0.110072 
0.078218 
-0.127594 
0.139275 
0.105526 
0.009823 
0.042902 
-0.039316 
0.066203 
-0.021072 
-0.130110 
-0.102958 
0.166129 
-0.011509 
-0.020567 
0.162253 
0.166200 
0.025528 
-0.028670 
-0.044022 
-0.055507 
0.057356 
0.143742 
-0.027333 
-0.015234 
0.080881 
-0.058374 
0.008506 
-0.209132 
0.036223 
0.006522 
0.099355 
0.032038 
0.166179 
0.042394 
-0.112002 
-0.017505 
-0.082545 
0.133191 
-0.169942 
-0.131103 
0.084201 
0.027012 
0.103490 
0.030812 
0.076047 
-0.094565 
0.041848 
-0.024203 
0.004262 
-0.001039 
0.097757 
0.011261 
-0.143275 
-0.060098 
-0.046913 
-0.018465 
0.051944 
-0.081961 
-0.097192 
-0.013728 
-0.130503 
-0.059965 
0.072383 
0.044193 
-0.246467 
-0.089394 
-0.050567 
0.111818 
-0.165271 
-0.014463 
0.086349 
0.136720 
-0.057961 
0.069015 
0.070833 
-0.091227 
0.100319 
-0.095916 
0.062191 
-0.106703 
-0.002084 
0.012985 
0.071518 
0.100732 
0.019726 
0.169187 
-0.005486 
0.004443 
0.080555 
0.197766 
0.011783 
0.069316 
-0.046275 
-0.002727 
-0.024928 
-0.077259 
-0.075483 
-0.003344 
-0.016965 
-0.073451 
-0.060802 
0.066604 
-0.000861 
0.034003 
-0.077194 
-0.043709 
0.164056 
0.096045 
0.078069 
-0.027816 
0.104883 
0.007989 
0.071962 
-0.053732 
-0.003984 
0.072733 
-0.030328 
-0.035591 
0.107931 
-0.064220 
-0.055526 
0.032976 
-0.053243 
0.056857 
0.017781 
0.152001 
0.163190 
0.023472 
-0.051895 
-0.069414 
-0.139207 
0.132857 
0.066020 
0.065035 
-0.035148 
-0.101666 
-0.066020 
0.047139 
-0.030589 
-0.076896 
0.081027 
0.151324 
0.122975 
-0.106993 
-0.036486 
0.102911 
0.070528 
-0.080673 
0.005582 
-0.003327 
-0.059207 
0.085297 
-0.134407 
-0.158482 
-0.075617 
-0.037190 
0.063506 
0.065285 
0.018565 
0.025629 
0.051083 
-0.052454 
-0.019248 
0.032526 
-0.039774 
0.078914 
0.067491 
0.045590 
-0.078696 
0.007660 
-0.057647 
0.064818 
-0.019066 
-0.029933 
0.044403 
-0.022069 
-0.034029 
-0.006823 
0.049532 
-0.109727 
0.078597 
-0.145640 
0.107119 
-0.073801 
0.013347 
0.055282 
-0.095085 
-0.117186 
-0.009964 
-0.194352 
0.039159 
-0.088805 
-0.008988 
-0.021540 
-0.152658 
0.022050 
-0.039745 
0.015792 
-0.087566 
-0.063181 
-0.018466 
-0.068656 
-0.059303 
-0.111678 
0.005058 
0.075566 
-0.007811 
-0.026564 
0.155780 
0.052874 
-0.102055 
0.057959 
-0.162255 
0.156506 
0.040682 
0.019126 
0.265347 
0.107924 
0.070054 
-0.060546 
0.131512 
-0.020996 
-0.058112 
-0.005406 
0.103916 
0.143522 
-0.008012 
0.110834 
-0.053423 
-0.058643 
-0.112299 
-0.028098 
-0.051789 
0.043181 
-0.035532 
0.004676 
-0.029757 
-0.053137 
0.058272 
-0.080503 
0.145118 
0.158081 
-0.044485 
0.083087 
0.001290 
-0.073411 
-0.148438 
-0.024147 
-0.026195 
-0.044914 
-0.130814 
0.015267 
-0.045571 
-0.015108 
-0.107309 
-0.118065 
-0.082665 
0.050022 
0.008148 
0.029169 
-0.016543 
-0.053748 
0.053069 
0.046087 
-0.004471 
-0.056022 
-0.117265 
-0.046152 
-0.078789 
-0.116527 
0.059145 
0.005857 
-0.003125 
0.171439 
-0.092123 
0.023465 
0.076600 
-0.096767 
0.010299 
0.060781 
-0.187321 
0.060801 
-0.045477 
0.074736 
-0.114147 
-0.030833 
0.010574 
-0.065664 
0.031007 
0.117485 
-0.050021 
0.044054 
0.020364 
-0.023574 
-0.025315 
0.036725 
0.150692 
0.016101 
-0.017314 
0.105884 
-0.026947 
-0.062318 
-0.004215 
-0.078037 
-0.041164 
-0.023678 
-0.044644 
0.142762 
0.073710 
-0.063485 
-0.122430 
-0.000297 
0.061994 
0.048496 
-0.029861 
0.006537 
0.053369 
-0.018414 
0.038459 
-0.050725 
0.198992 
0.085960 
-0.092946 
0.055301 
-0.101044 
0.028052 
-0.110910 
0.024198 
0.092454 
0.034650 
0.062037 
0.034938 
-0.000959 
-0.044215 
0.001949 
0.139427 
0.017180 
0.002990 
0.151402 
0.037131 
-0.022765 
-0.040724 
-0.083244 
-0.049803 
0.086740 
0.078598 
-0.013314 
0.086738 
-0.028793 
0.040864 
0.062622 
-0.005481 
-0.075495 
-0.122564 
0.074517 
0.086680 
0.020071 
-0.061566 
0.046209 
-0.007295 
-0.118909 
-0.100567 
-0.107072 
-0.054729 
0.026386 
-0.018571 
-0.044829 
-0.027944 
0.096413 
0.139549 
0.052501 
0.119858 
-0.037821 
-0.048425 
0.158296 
0.055929 
0.037270 
0.022396 
-0.054481 
0.003680 
-0.042592 
-0.066728 
-0.022870 
-0.037000 
0.157381 
-0.108689 
0.030289 
-0.135297 
0.036908 
0.043337 
-0.026647 
-0.005985 
0.017305 
0.171668 
0.171861 
-0.016504 
-0.046651 
0.106267 
0.043764 
0.007424 
0.115813 
0.016952 
0.050311 
0.134124 
-0.023876 
-0.196733 
0.049815 
0.016826 
0.015806 
-0.003148 
-0.137323 
-0.089347 
0.195186 
0.010572 
-0.003811 
-0.099895 
-0.010895 
0.024088 
-0.165138 
-0.034426 
0.096170 
-0.024181 
0.083276 
0.101202 
0.181498 
0.080590 
-0.066273 
-0.052714 
-0.077436 
0.080459 
-0.165520 
0.034926 
0.112918 
-0.035475 
0.048832 
-0.023572 
0.100949 
0.075789 
0.128015 
0.041911 
0.087786 
0.141931 
0.008079 
0.188915 
0.110855 
0.031669 
0.075251 
-0.030858 
0.072940 
0.071464 
0.054490 
-0.090903 
-0.129233 
-0.042293 
0.005105 
-0.098127 
0.001941 
-0.042183 
-0.083070 
-0.044588 
0.107631 
-0.023059 
-0.024975 
0.074094 
0.121477 
-0.062359 
0.121262 
0.099054 
-0.120691 
0.070114 
0.086619 
-0.066775 
0.088383 
0.078791 
-0.103136 
0.144769 
-0.048946 
0.158816 
-0.131835 
-0.044087 
-0.127146 
0.060352 
-0.002614 
-0.013418 
0.093539 
0.064082 
-0.032932 
0.010667 
0.004086 
-0.004711 
-0.074653 
-0.004471 
-0.070334 
0.000661 
-0.035290 
0.007067 
0.058046 
0.041099 
-0.088773 
-0.025099 
-0.107243 
-0.023327 
-0.074725 
-0.123016 
0.079999 
-0.046706 
-0.026790 
0.078072 
-0.024354 
0.091960 
-0.159919 
0.107353 
0.000313 
0.118930 
0.028578 
0.010348 
-0.065482 
-0.087823 
0.012304 
-0.048341 
-0.011226 
-0.217019 
-0.156003 
-0.037347 
0.083140 
0.059655 
-0.030222 
0.024277 
0.090937 
-0.077120 
0.035856 
-0.086773 
-0.126410 
0.012613 
0.128704 
0.082879 
0.019892 
0.114266 
-0.001664 
0.020174 
-0.129491 
0.059262 
0.125807 
-0.012074 
-0.068226 
0.057810 
-0.009008 
-0.009958 
0.039294 
-0.078915 
-0.191948 
-0.091771 
-0.029740 
-0.089311 
-0.003304 
0.074144 
-0.110240 
0.035805 
0.104346 
0.024816 
-0.124363 
-0.042838 
-0.070028 
-0.037864 
-0.083591 
-0.121152 
0.147011 
-0.042014 
0.212257 
-0.043280 
-0.015972 
-0.050280 
0.074240 
-0.046291 
0.003590 
0.070258 
-0.009005 
0.077847 
-0.034289 
-0.087931 
-0.011755 
-0.038191 
-0.150271 
-0.020686 
0.020955 
0.015262 
-0.128637 
-0.104755 
-0.125800 
0.112470 
0.022836 
0.008081 
-0.101902 
-0.050443 
-0.035514 
-0.053613 
0.005417 
0.051075 
-0.039481 
-0.042025 
-0.013634 
0.056411 
-0.086074 
-0.001552 
0.089830 
0.051354 
-0.092614 
0.051840 
0.101675 
-0.008306 
0.007799 
0.154426 
-0.048572 
-0.270477 
-0.160496 
-0.042640 
0.168608 
-0.091176 
-0.151206 
0.072390 
0.045321 
0.086085 
-0.148803 
-0.048137 
-0.146151 
0.037486 
-0.017767 
-0.065108 
-0.142238 
0.047515 
0.026992 
-0.049565 
0.103245 
-0.039771 
-0.032279 
0.071033 
-0.077221 
0.043620 
-0.117017 
-0.042138 
-0.070043 
-0.060047 
0.106094 
-0.174035 
-0.108390 
-0.027926 
-0.070795 
0.117428 
0.047517 
0.075057 
0.081733 
-0.069989 
-0.165251 
-0.004780 
0.039382 
-0.047262 
0.022514 
0.018972 
0.019455 
0.040479 
-0.116209 
0.005774 
0.110564 
-0.008574 
0.025188 
0.064494 
0.049242 
-0.110857 
-0.152335 
-0.039976 
0.088028 
-0.071121 
-0.120060 
0.080473 
-0.007164 
0.002910 
0.142812 
0.028317 
-0.076789 
0.038655 
0.048087 
-0.086244 
0.067848 
-0.042529 
0.043850 
-0.058913 
-0.024643 
-0.063800 
-0.024027 
-0.115587 
0.069464 
-0.069167 
-0.014375 
0.098628 
-0.070586 
-0.024744 
0.122761 
0.070908 
0.156001 
0.068326 
0.075090 
-0.090947 
-0.006888 
0.007693 
0.025389 
-0.040842 
-0.046841 
0.087087 
-0.037246 
-0.086422 
-0.065633 
-0.121494 
0.121016 
-0.076872 
0.033181 
0.125143 
-0.123988 
-0.028099 
-0.095036 
-0.089482 
0.027328 
0.149525 
-0.045483 
-0.040896 
0.088439 
-0.097242 
-0.024786 
0.075901 
-0.117306 
-0.179377 
0.005291 
-0.057602 
-0.038019 
-0.032453 
-0.117404 
-0.004852 
0.037064 
0.067185 
0.113285 
-0.031782 
-0.012464 
0.131950 
0.040898 
-0.058451 
0.071066 
-0.082235 
0.152250 
-0.099341 
-0.109801 
0.045144 
-0.296364 
-0.018590 
0.126454 
-0.002207 
0.092979 
0.004840 
-0.083145 
-0.085982 
0.166071 
0.043182 
-0.083878 
0.063075 
-0.163412 
0.053504 
0.049355 
0.115187 
0.116711 
-0.003039 
0.055164 
0.165581 
-0.134465 
0.103781 
-0.016304 
-0.073470 
0.136506 
0.139265 
-0.101385 
0.089459 
-0.013721 
-0.024832 
0.094112 
0.008664 
0.033980 
0.019958 
-0.063482 
-0.073144 
0.050987 
0.013632 
0.005778 
0.011191 
-0.103650 
0.072981 
0.058576 
0.038205 
0.037068 
-0.026605 
0.037548 
0.076543 
0.030951 
0.141239 
-0.075105 
0.042697 
0.012931 
0.074855 
-0.018802 
0.048333 
0.022295 
-0.097695 
-0.099895 
-0.021979 
0.117722 
0.042555 
0.007736 
-0.097999 
0.041876 
-0.003056 
-0.094763 
0.004613 
-0.039562 
-0.029382 
-0.013564 
-0.028866 
0.042952 
-0.088519 
0.006247 
-0.244227 
-0.097025 
0.073956 
0.080161 
-0.026262 
0.122685 
-0.067283 
-0.083281 
0.095006 
-0.089937 
0.104427 
0.165459 
-0.042791 
-0.062177 
0.041194 
0.034342 
0.194243 
-0.032795 
-0.015107 
0.067613 
-0.075577 
-0.161022 
0.004599 
0.058343 
0.068724 
0.083870 
0.046418 
-0.018711 
0.147685 
-0.135809 
-0.034357 
-0.019135 
0.061316 
-0.102927 
0.061749 
0.114638 
0.015034 
0.078889 
-0.052352 
0.042664 
-0.027050 
0.088041 
0.002417 
-0.097610 
0.110479 
0.002478 
-0.089928 
0.108941 
0.074757 
0.119071 
0.042370 
-0.009865 
0.037184 
-0.004847 
0.050127 
-0.035499 
-0.037459 
-0.144975 
-0.040095 
-0.034010 
0.078288 
-0.088215 
-0.058582 
-0.111272 
-0.135189 
-0.114025 
-0.037043 
0.070894 
-0.061410 
-0.014841 
-0.102480 
0.073587 
0.071086 
0.049841 
0.027974 
-0.131532 
0.072176 
0.030960 
-0.079052 
0.152759 
-0.012237 
-0.125776 
0.081101 
-0.028445 
0.077746 
0.033656 
0.048972 
-0.182935 
0.140537 
0.089924 
-0.033457 
0.084382 
0.081350 
-0.033452 
0.169822 
-0.075373 
0.038374 
0.144944 
-0.054441 
0.033532 
-0.133223 
-0.146908 
0.000745 
0.145057 
-0.025787 
0.017266 
-0.006275 
0.009676 
-0.046087 
-0.141435 
0.002084 
0.107006 
-0.135859 
0.007793 
-0.058288 
-0.058838 
0.081074 
0.115891 
0.011618 
-0.089945 
-0.019870 
-0.012180 
-0.009790 
-0.016738 
-0.131910 
0.003206 
0.081359 
-0.117580 
-0.013105 
0.039433 
-0.045716 
-0.002905 
-0.017587 
-0.029055 
-0.002783 
-0.046943 
-0.094413 
-0.130487 
0.117316 
0.052330 
0.102207 
0.029380 
-0.107242 
0.128892 
-0.101218 
-0.001548 
0.097758 
-0.047179 
0.060075 
-0.024236 
-0.165339 
0.057383 
0.073456 
-0.051243 
0.068843 
-0.075038 
0.146997 
-0.126173 
-0.112570 
0.033829 
0.020491 
0.122038 
0.059015 
-0.105952 
-0.088862 
0.146017 
0.036916 
-0.169269 
0.121849 
0.076211 
-0.098135 
-0.178717 
-0.059339 
0.023768 
0.166090 
0.141003 
-0.108905 
-0.028516 
0.093483 
0.108939 
-0.025481 
0.049989 
0.036360 
0.044368 
-0.040483 
0.003004 
0.034825 
0.101790 
0.047679 
-0.007159 
0.029022 
0.101774 
0.111325 
-0.039421 
-0.130349 
0.003026 
0.021980 
0.089612 
-0.097208 
0.032439 
0.077068 
0.045982 
-0.074446 
0.070003 
-0.019506 
0.046793 
-0.036211 
-0.124126 
0.018800 
0.142411 
-0.051196 
0.049847 
0.075209 
0.025165 
-0.047412 
-0.053328 
-0.025032 
0.019809 
0.106009 
0.063743 
0.011756 
0.014774 
-0.070592 
-0.001352 
-0.056173 
-0.010766 
0.017890 
0.029039 
0.058194 
0.067975 
-0.091669 
-0.038928 
0.045710 
0.078948 
-0.016154 
0.057231 
0.100822 
0.074643 
0.057876 
0.002373 
0.148466 
0.063298 
0.132388 
-0.000024 
0.203411 
-0.076627 
-0.141050 
0.076905 
-0.099789 
-0.166888 
0.014281 
0.070580 
-0.051031 
-0.106399 
0.041758 
-0.049519 
-0.180221 
0.023533 
-0.120510 
0.011324 
0.052322 
0.130358 
-0.151720 
0.070096 
-0.175121 
-0.053626 
0.058737 
0.134978 
0.035425 
0.008623 
-0.037928 
0.092596 
0.006005 
-0.102651 
0.043297 
0.101631 
-0.095670 
0.036267 
0.200392 
-0.209248 
-0.014795 
-0.060206 
0.074406 
-0.056868 
0.138343 
0.075280 
0.056675 
0.102246 
-0.042466 
0.038348 
-0.191000 
0.102811 
0.059307 
0.114834 
-0.035393 
-0.032203 
0.040380 
-0.093658 
-0.032695 
0.073248 
0.050290 
0.045171 
0.048293 
-0.049644 
-0.006084 
0.161124 
0.112049 
-0.044744 
0.156099 
0.064408 
0.013511 
-0.099593 
0.004361 
-0.057518 
0.090591 
-0.013435 
0.198304 
0.149585 
0.032531 
-0.045437 
0.024706 
0.064230 
-0.115697 
0.084898 
-0.004085 
-0.034952 
0.057139 
0.055919 
0.147431 
-0.026368 
0.120481 
0.075797 
-0.050866 
0.010152 
0.154993 
0.057541 
0.052228 
0.058887 
-0.001241 
0.136815 
0.036897 
0.054086 
0.164679 
0.049071 
-0.024193 
-0.064250 
-0.010306 
-0.018384 
-0.087260 
0.037724 
0.123825 
0.044095 
0.038232 
-0.021102 
0.090408 
0.140912 
0.049896 
0.050076 
0.083251 
0.018066 
-0.045014 
0.058892 
0.160929 
-0.082695 
-0.028070 
0.004493 
0.007831 
0.067339 
0.000988 
0.054345 
-0.039485 
0.123571 
0.012675 
0.063923 
-0.151776 
-0.039762 
0.038418 
-0.026681 
0.058537 
0.049962 
-0.162998 
-0.042309 
-0.047845 
0.079821 
-0.047110 
-0.074153 
-0.157768 
0.034370 
-0.012645 
-0.083037 
0.005010 
-0.098733 
0.113403 
0.074803 
-0.151997 
-0.048675 
-0.007273 
0.115925 
0.077683 
-0.112194 
-0.059646 
0.057220 
-0.020507 
-0.115011 
-0.001933 
-0.020158 
0.141869 
-0.087044 
0.012376 
0.080383 
-0.052253 
-0.168097 
0.225509 
0.133280 
0.083484 
0.069234 
-0.013707 
0.068117 
0.030459 
0.117687 
-0.018485 
-0.065233 
-0.066124 
-0.011953 
-0.075127 
-0.141885 
-0.084225 
-0.128067 
0.089805 
-0.077749 
0.087175 
0.099561 
-0.059826 
-0.009936 
-0.008811 
-0.039062 
0.112035 
-0.005975 
0.071106 
0.017952 
-0.027835 
-0.195799 
0.093178 
-0.070608 
-0.060940 
-0.000588 
-0.004725 
-0.028125 
0.014561 
0.061255 
-0.164771 
-0.023027 
0.052233 
-0.068456 
0.026507 
-0.074057 
0.011917 
-0.084607 
0.025510 
-0.072742 
0.144806 
-0.104732 
-0.033876 
-0.076590 
-0.001056 
0.025219 
0.074078 
0.055467 
0.070297 
0.088489 
-0.043041 
0.171400 
0.192987 
0.031748 
-0.030486 
-0.027631 
-0.024444 
-0.006760 
0.071832 
0.102601 
0.012473 
-0.082616 
0.068111 
0.001146 
-0.105792 
-0.055594 
-0.099283 
-0.030329 
0.141492 
0.055076 
-0.040184 
-0.106105 
0.126821 
0.081723 
-0.149790 
-0.042257 
0.086455 
0.066870 
-0.085792 
0.094022 
-0.113075 
-0.127121 
0.023938 
-0.009793 
-0.110608 
0.033180 
-0.006984 
0.071359 
0.047222 
-0.003050 
0.076751 
0.014642 
0.075798 
-0.056500 
0.037921 
-0.062440 
-0.065097 
-0.090669 
-0.095961 
0.055218 
0.034660 
0.033920 
0.028592 
-0.069041 
0.117504 
0.144044 
-0.033215 
-0.081672 
0.025630 
-0.028073 
0.113742 
0.092487 
-0.045289 
0.034697 
-0.075104 
-0.092162 
-0.016616 
-0.129667 
-0.012333 
0.094756 
0.012880 
-0.005464 
0.026746 
0.089494 
-0.030358 
-0.061535 
-0.066675 
0.016305 
-0.042834 
-0.110153 
-0.046766 
0.011105 
0.075449 
0.062078 
0.029210 
0.204496 
-0.078233 
0.035206 
0.032042 
-0.065368 
-0.050550 
-0.070300 
-0.007357 
0.021280 
0.109438 
-0.069196 
0.030380 
-0.152394 
-0.044286 
0.096358 
0.147804 
0.080072 
-0.114428 
-0.089955 
0.044038 
-0.023284 
0.092959 
-0.055302 
-0.063142 
-0.062426 
0.045919 
-0.100319 
-0.055299 
-0.090809 
0.022573 
-0.015013 
0.001784 
0.132241 
-0.117525 
-0.040348 
0.040711 
-0.038406 
-0.067438 
-0.061677 
-0.165436 
0.090233 
0.015961 
-0.036847 
-0.033012 
-0.060165 
0.147136 
-0.011978 
-0.012615 
-0.028615 
-0.067883 
0.026317 
-0.060579 
-0.009499 
0.028147 
-0.131053 
-0.058943 
-0.094283 
0.030207 
0.013190 
-0.135296 
0.038276 
0.116010 
0.012248 
0.086791 
0.110348 
0.048862 
-0.066997 
0.019439 
-0.015752 
-0.046418 
-0.071163 
-0.022718 
0.008745 
-0.161058 
0.075352 
0.038429 
-0.056729 
-0.173852 
-0.001044 
0.085853 
0.055164 
-0.054975 
-0.005380 
-0.062250 
-0.010377 
-0.111171 
0.068459 
-0.036262 
0.117098 
-0.068884 
-0.008401 
0.102052 
0.074609 
-0.062864 
0.085626 
-0.111047 
-0.003444 
-0.035321 
0.017620 
-0.119718 
-0.126433 
-0.066464 
-0.080224 
0.065487 
0.039311 
0.013348 
0.062074 
0.043701 
-0.044878 
-0.120468 
-0.072986 
0.040184 
0.108569 
-0.018754 
0.098238 
0.064771 
0.107089 
-0.052683 
-0.072214 
0.068875 
0.054203 
0.099956 
-0.157989 
0.004678 
0.013798 
0.027434 
0.097372 
0.020090 
0.100883 
0.078721 
-0.011157 
0.094267 
0.076753 
0.006586 
-0.141177 
0.056856 
-0.037443 
-0.023594 
0.164614 
-0.163585 
-0.024007 
-0.092723 
-0.024275 
-0.014955 
-0.165867 
-0.111513 
-0.060975 
0.048078 
-0.076534 
-0.093374 
-0.068419 
0.021209 
0.057884 
-0.089992 
-0.174387 
0.129961 
-0.068141 
-0.074972 
-0.058329 
-0.027623 
0.027966 
0.075289 
0.040425 
0.056535 
-0.058700 
0.095784 
0.038099 
-0.129294 
0.052417 
0.082675 
0.018954 
0.191825 
0.022502 
-0.164059 
0.003800 
-0.000361 
0.014652 
-0.104197 
0.116628 
0.011897 
0.016099 
-0.036457 
0.002899 
0.036803 
0.026719 
-0.125129 
0.047873 
0.110751 
-0.045910 
0.030903 
0.027372 
0.000374 
-0.030019 
-0.008205 
0.104492 
0.065357 
0.017053 
0.052433 
0.107920 
-0.007429 
0.105724 
0.127469 
-0.142213 
-0.058252 
0.010458 
0.070471 
-0.091934 
0.097736 
-0.073158 
-0.038631 
-0.177226 
-0.023873 
0.045044 
-0.064973 
0.186702 
0.017363 
0.097044 
0.003372 
-0.220522 
0.122834 
-0.005653 
0.092927 
-0.022218 
-0.092918 
-0.025893 
-0.100960 
0.047529 
-0.048439 
0.084697 
-0.039165 
0.065681 
-0.155784 
0.017888 
0.030961 
0.006695 
0.073347 
0.012768 
0.017118 
0.036969 
-0.167693 
0.019270 
0.003064 
-0.012922 
0.026688 
-0.044299 
0.085521 
-0.031429 
-0.031033 
0.125432 
-0.025606 
-0.039361 
0.053788 
0.079397 
0.112931 
0.054698 
0.012150 
0.013632 
0.093753 
-0.022766 
0.103683 
-0.057203 
0.069780 
-0.116576 
-0.053576 
-0.005930 
-0.027822 
-0.027611 
0.094094 
-0.103059 
-0.012059 
-0.051739 
-0.062015 
0.016592 
0.008675 
-0.075346 
-0.031982 
0.095205 
0.038605 
-0.067765 
-0.044918 
0.090281 
0.018175 
0.009728 
-0.055270 
0.043366 
0.022056 
0.084980 
-0.091602 
0.044989 
-0.112058 
0.004618 
0.155428 
0.146910 
-0.217501 
0.087515 
0.088799 
-0.116173 
0.033102 
0.021021 
0.134862 
-0.040163 
0.052491 
-0.006568 
-0.043354 
0.121472 
-0.060781 
-0.081318 
0.059457 
0.050376 
0.042228 
-0.068868 
0.039364 
0.077278 
-0.050474 
0.002125 
-0.050601 
0.008598 
-0.015152 
-0.010014 
-0.057032 
-0.004765 
-0.037373 
-0.023519 
0.021367 
0.007048 
-0.127907 
-0.109491 
0.042767 
0.132087 
0.055286 
-0.058125 
-0.022268 
-0.047463 
-0.049605 
0.068066 
-0.000438 
0.048821 
0.089496 
-0.093084 
0.095508 
-0.032843 
-0.056511 
0.074607 
0.125356 
-0.030386 
-0.031005 
0.048019 
0.047629 
0.053258 
0.140932 
-0.021299 
-0.124148 
0.119390 
-0.002853 
0.049960 
-0.038648 
0.006491 
0.148816 
0.035514 
0.186039 
0.106263 
0.061818 
-0.091584 
0.028535 
-0.023980 
-0.034112 
-0.020830 
0.035376 
-0.040367 
-0.067062 
0.106865 
0.036751 
-0.009540 
0.068805 
-0.016987 
-0.027984 
-0.152490 
-0.039581 
-0.011110 
-0.037228 
0.075611 
-0.073546 
-0.172845 
0.020718 
0.032590 
-0.000835 
0.092668 
-0.062881 
-0.106197 
-0.032666 
-0.004752 
-0.194383 
-0.098782 
0.065347 
-0.102518 
0.031517 
0.151496 
0.028708 
-0.076114 
0.056237 
0.054924 
0.051950 
0.057446 
0.040909 
0.017886 
-0.068703 
0.077879 
-0.050166 
-0.046311 
0.053775 
0.047946 
0.008275 
0.061454 
0.031297 
0.006035 
-0.166496 
0.010181 
0.040908 
-0.024620 
-0.016846 
0.069799 
-0.016619 
0.120864 
-0.173971 
0.122556 
0.066002 
-0.044991 
-0.057554 
0.191793 
-0.067897 
-0.057459 
0.101559 
-0.062368 
0.029359 
-0.099644 
-0.111796 
0.076019 
-0.122972 
-0.021832 
-0.031360 
-0.151360 
-0.136842 
0.028517 
-0.087331 
0.166245 
-0.033032 
-0.069404 
0.012210 
-0.017931 
0.073310 
0.078371 
-0.045295 
-0.175996 
-0.080468 
0.128519 
0.119527 
-0.132285 
0.005543 
0.101881 
-0.060767 
-0.050645 
0.163516 
-0.102476 
-0.048522 
-0.095329 
0.019647 
-0.194482 
0.045341 
0.059589 
0.096731 
-0.121648 
-0.082653 
-0.060888 
-0.011878 
-0.024456 
-0.052000 
0.051043 
0.004293 
-0.041568 
0.102638 
0.117092 
-0.076700 
-0.005543 
-0.099241 
0.051872 
-0.006619 
0.027283 
0.056548 
0.061345 
0.009144 
0.004939 
-0.022695 
-0.017298 
0.102063 
-0.184563 
0.096538 
-0.051939 
0.119715 
-0.167025 
0.060614 
0.095531 
-0.059741 
-0.043608 
-0.089591 
-0.058406 
-0.153789 
-0.109036 
-0.013882 
0.047323 
-0.094848 
-0.016474 
0.045926 
-0.116260 
-0.091080 
-0.012179 
0.176246 
0.008943 
-0.011891 
-0.092760 
0.001333 
-0.056642 
0.120985 
-0.029835 
0.009832 
-0.114894 
-0.027203 
-0.079084 
-0.100804 
0.044064 
-0.062512 
-0.026527 
-0.082597 
-0.016911 
-0.004170 
0.098893 
0.028777 
0.043202 
-0.036017 
0.030211 
0.050363 
0.024220 
0.007518 
0.013172 
0.083700 
0.134489 
-0.199748 
-0.046952 
0.062659 
0.028736 
-0.040856 
-0.092185 
-0.004082 
0.031691 
-0.081936 
-0.050883 
0.061578 
-0.068340 
-0.108946 
-0.017470 
-0.031220 
-0.120097 
-0.056598 
0.022942 
-0.072331 
0.109527 
-0.019576 
-0.057285 
0.113443 
0.075259 
0.080735 
-0.036663 
0.153421 
-0.043957 
-0.149044 
0.057354 
0.002553 
0.024087 
0.002586 
-0.164974 
0.056221 
0.084733 
0.029956 
-0.136472 
0.094396 
-0.009547 
-0.194982 
0.103241 
-0.077116 
-0.085766 
-0.027485 
0.051060 
-0.050192 
0.124761 
-0.098013 
-0.215971 
-0.087102 
-0.101979 
0.102004 
-0.182794 
-0.060677 
0.062231 
0.080410 
-0.100055 
0.070366 
0.128220 
0.005816 
0.086915 
-0.001897 
0.033984 
0.020954 
0.101804 
-0.038070 
-0.162999 
-0.078789 
0.020265 
0.002593 
0.064234 
-0.038254 
0.065541 
0.133403 
-0.126647 
-0.095335 
-0.132479 
-0.030634 
0.123255 
-0.007788 
-0.095561 
0.066878 
0.162619 
-0.036873 
0.061415 
-0.173901 
-0.034311 
-0.039984 
0.062189 
0.066055 
0.031457 
0.063929 
-0.000372 
0.048263 
0.062966 
0.103575 
0.123539 
0.015946 
-0.170905 
-0.076118 
0.088164 
0.123428 
-0.012263 
0.035073 
-0.108520 
-0.099736 
-0.065531 
0.092209 
-0.008915 
0.021705 
-0.148484 
-0.179844 
-0.082336 
0.034678 
-0.145086 
-0.015953 
-0.000621 
0.115236 
0.055574 
-0.033930 
0.015312 
-0.028128 
0.079636 
-0.019122 
0.032724 
0.002859 
0.004394 
0.139519 
-0.015358 
0.024303 
-0.022614 
0.005541 
-0.168605 
-0.025580 
0.103605 
0.102983 
0.111367 
0.023042 
-0.055782 
0.064001 
-0.045537 
0.034027 
-0.048212 
-0.110563 
-0.069597 
-0.119275 
0.047060 
-0.049217 
0.016856 
0.025045 
-0.004673 
-0.186236 
-0.083054 
0.157151 
-0.040006 
-0.079024 
-0.040139 
-0.114217 
-0.046073 
0.036634 
0.133038 
0.045444 
-0.097917 
-0.089376 
0.005578 
-0.115122 
0.147724 
-0.031463 
0.007741 
-0.105481 
0.093989 
0.030331 
-0.035876 
0.058426 
-0.073741 
-0.027782 
-0.000927 
0.000233 
-0.075716 
-0.078332 
-0.111827 
-0.041783 
0.050632 
-0.071231 
-0.170087 
0.081568 
0.054583 
0.003798 
0.096886 
0.030227 
0.005609 
0.026907 
0.071375 
-0.129671 
-0.134473 
0.129993 
-0.025803 
0.085054 
-0.006799 
-0.036134 
-0.109242 
-0.157529 
-0.066493 
0.006097 
0.114209 
0.001845 
0.015568 
0.070983 
-0.118142 
0.014063 
-0.035965 
0.033743 
-0.033489 
0.107232 
-0.076507 
0.015571 
0.132593 
-0.087776 
-0.168503 
0.179998 
-0.026633 
0.043307 
-0.105466 
0.046747 
-0.097296 
-0.006688 
0.179119 
-0.172623 
-0.092076 
-0.047839 
-0.025442 
-0.111157 
-0.050219 
0.052819 
0.087133 
0.061474 
-0.006487 
-0.119991 
0.097373 
0.043814 
0.083775 
-0.044974 
-0.056025 
0.118257 
-0.021532 
-0.013998 
-0.040409 
-0.067093 
0.056438 
-0.052055 
-0.070518 
-0.032956 
-0.139695 
0.075213 
-0.045552 
-0.062062 
-0.101997 
-0.009880 
-0.072770 
0.106409 
0.104490 
-0.060007 
0.046547 
-0.037143 
0.060545 
0.008082 
0.068177 
-0.040500 
-0.057257 
0.112436 
0.072280 
0.140335 
0.031267 
-0.250487 
0.150777 
-0.105467 
0.014095 
0.001157 
0.043652 
-0.027182 
0.143292 
0.016868 
0.030272 
-0.050408 
0.001194 
-0.025681 
-0.000553 
0.050518 
0.089945 
-0.035089 
0.070665 
-0.110584 
0.072823 
-0.052855 
-0.089412 
0.133243 
-0.095299 
-0.007886 
0.049395 
0.109801 
-0.016178 
-0.019941 
0.055695 
-0.097299 
0.026707 
0.058691 
-0.064864 
-0.085525 
-0.111076 
0.010036 
0.070763 
0.128066 
0.106739 
-0.090434 
-0.028826 
0.011327 
0.064839 
0.116601 
-0.001095 
0.050585 
-0.059151 
0.069436 
0.025541 
-0.149072 
0.059872 
-0.027764 
-0.032279 
-0.066520 
0.031160 
-0.047176 
0.058218 
-0.049133 
-0.077675 
0.037626 
-0.126979 
-0.038313 
-0.039166 
-0.062339 
0.022247 
-0.017876 
0.085675 
-0.094026 
0.054132 
0.005319 
-0.030864 
-0.001514 
0.024322 
0.109037 
0.166295 
0.138186 
0.005854 
-0.096116 
-0.031006 
0.083961 
0.115610 
0.076066 
-0.066443 
0.098669 
0.027006 
0.078807 
0.033908 
-0.038851 
0.084033 
0.033105 
0.116510 
-0.041197 
-0.118684 
0.023305 
0.117891 
0.010957 
0.126417 
0.105678 
0.047400 
-0.045031 
-0.052269 
-0.068485 
0.009727 
0.150165 
-0.110784 
0.074872 
-0.027012 
0.142635 
0.079675 
0.010736 
0.103499 
-0.008491 
0.060810 
0.011467 
-0.093829 
0.123713 
-0.006630 
-0.143564 
-0.083965 
-0.025346 
0.006737 
-0.088008 
0.017665 
-0.011948 
-0.027372 
-0.030277 
-0.117309 
0.051119 
-0.169178 
-0.054042 
-0.027846 
-0.126813 
-0.016696 
0.060666 
-0.047307 
-0.029060 
-0.005374 
-0.030808 
0.143385 
-0.098956 
-0.036805 
-0.076416 
0.014830 
0.082562 
0.059769 
0.008468 
0.008426 
0.072002 
0.099444 
-0.080165 
0.092771 
0.111327 
0.109216 
-0.047633 
0.125721 
0.066856 
0.074203 
-0.119461 
0.000518 
-0.035648 
-0.110664 
-0.082060 
0.131265 
-0.106306 
0.039126 
0.129375 
-0.085894 
-0.006519 
0.080566 
0.048144 
0.120124 
0.170495 
0.094921 
0.048372 
0.028110 
0.220638 
-0.073772 
0.036016 
0.083096 
0.029231 
0.014370 
0.057830 
0.036092 
-0.019325 
-0.043336 
-0.086803 
0.084820 
-0.081282 
-0.089756 
-0.054813 
0.049769 
0.016484 
-0.115181 
0.110388 
-0.071858 
0.116653 
-0.044823 
0.114490 
-0.038993 
0.074388 
-0.031307 
0.113981 
-0.116404 
-0.040898 
0.053727 
0.066718 
-0.092218 
-0.089237 
-0.044400 
0.065727 
0.003721 
0.092849 
0.132992 
-0.041556 
0.059353 
-0.059177 
0.106391 
0.135006 
0.014934 
-0.028329 
0.071826 
-0.031038 
0.142971 
-0.053878 
-0.063222 
-0.004878 
-0.082315 
0.101842 
-0.143643 
0.084763 
-0.022288 
-0.049820 
0.139061 
0.041046 
0.011562 
0.072837 
-0.113552 
0.075528 
-0.027144 
-0.040828 
0.031740 
0.014176 
0.017703 
0.067993 
0.035135 
0.002670 
0.028055 
-0.073267 
-0.015740 
0.029683 
-0.039018 
-0.022014 
0.141414 
0.128216 
0.027700 
-0.132237 
-0.135903 
-0.038424 
0.151976 
-0.000214 
-0.075380 
0.026204 
0.083352 
-0.065312 
-0.120670 
0.072310 
0.193547 
-0.006177 
0.083631 
-0.076437 
0.103458 
0.012771 
0.108049 
0.143607 
-0.158834 
-0.041366 
-0.057024 
0.069048 
-0.169809 
-0.053524 
-0.110329 
0.021067 
0.047281 
0.066691 
-0.029250 
-0.001161 
0.059747 
0.124394 
0.068766 
0.040850 
0.026384 
0.048501 
-0.007712 
-0.085878 
-0.086361 
-0.037740 
-0.041371 
-0.042972 
0.066626 
0.091215 
0.038384 
-0.030902 
0.050212 
-0.018692 
0.068765 
0.017481 
0.080054 
0.053452 
-0.209883 
0.093866 
-0.083832 
-0.124950 
0.100368 
0.035935 
0.014068 
-0.040077 
-0.115318 
0.108037 
0.034938 
-0.006437 
-0.147957 
0.097390 
0.138820 
-0.040810 
0.025937 
-0.006917 
-0.086163 
-0.012564 
0.044203 
0.067285 
0.105757 
-0.076128 
-0.071935 
0.006782 
-0.123731 
-0.024846 
0.061546 
0.011368 
0.093923 
-0.101611 
-0.055479 
-0.005426 
0.022259 
-0.073117 
-0.064848 
-0.065587 
0.004489 
0.111733 
0.098723 
0.055903 
-0.047189 
0.082706 
0.052210 
0.103014 
0.092031 
-0.207457 
0.028747 
-0.114880 
-0.099469 
-0.058199 
0.007399 
-0.012695 
0.048741 
-0.234829 
-0.086143 
-0.017184 
0.020763 
-0.013718 
-0.050212 
-0.129766 
0.099323 
0.136011 
0.112140 
0.000159 
-0.084197 
-0.115380 
0.073415 
-0.004241 
-0.076530 
0.118180 
0.066026 
-0.011993 
-0.182464 
0.068950 
0.018767 
0.094548 
-0.054439 
0.128291 
0.080182 
0.000824 
-0.021878 
-0.092265 
-0.032761 
-0.036446 
0.159023 
-0.028498 
-0.002822 
-0.114159 
-0.208180 
0.008890 
0.156783 
-0.021985 
0.054495 
-0.137432 
0.093990 
0.168546 
0.042544 
0.027472 
-0.164712 
-0.033879 
-0.088410 
0.081494 
0.108794 
-0.029810 
-0.040512 
-0.102313 
0.035037 
-0.052908 
0.172980 
0.009631 
0.046647 
-0.120044 
0.050532 
0.015538 
0.060267 
0.096801 
-0.132368 
-0.117383 
0.068281 
0.074019 
-0.075138 
0.079664 
-0.065304 
0.037086 
0.067238 
0.123180 
0.050102 
-0.157254 
-0.106293 
-0.021651 
0.044798 
-0.040416 
0.016457 
-0.174680 
-0.061818 
0.029052 
-0.074314 
-0.072780 
-0.060969 
-0.040608 
-0.048027 
-0.054463 
0.009394 
0.077115 
-0.012333 
0.036282 
0.040705 
-0.089828 
-0.092535 
-0.148580 
-0.046266 
0.071169 
0.055099 
0.064234 
-0.024817 
0.075239 
0.073280 
0.041063 
-0.012783 
-0.131152 
0.075170 
0.073434 
0.071760 
-0.004974 
0.056285 
-0.083618 
0.063363 
-0.005139 
-0.055825 
-0.069166 
-0.006632 
-0.048863 
0.122251 
0.027661 
0.104852 
-0.059524 
0.133018 
-0.028004 
0.054275 
0.057740 
-0.056120 
0.027531 
0.011822 
-0.008772 
-0.010478 
0.073425 
-0.011087 
0.119646 
0.004742 
0.013650 
-0.181093 
-0.045622 
-0.058150 
0.106342 
-0.073435 
0.027854 
0.143937 
0.075120 
0.055076 
-0.008735 
0.059473 
0.119020 
-0.053816 
0.103428 
0.048553 
0.090835 
-0.092921 
0.041708 
0.066147 
0.019568 
-0.173487 
0.113923 
-0.066935 
-0.097340 
-0.109337 
-0.041398 
0.140754 
0.062738 
-0.231357 
0.184192 
-0.193663 
-0.087943 
0.147490 
0.144458 
0.018002 
0.071360 
-0.029130 
-0.004803 
-0.127672 
0.026481 
-0.078933 
0.065864 
-0.143479 
-0.124528 
-0.041627 
0.109758 
-0.130794 
0.053814 
0.035806 
0.024351 
-0.033121 
0.019630 
0.046655 
0.146919 
-0.046977 
-0.106352 
0.131964 
-0.005390 
-0.028512 
0.022180 
-0.054769 
-0.041475 
0.052189 
-0.005361 
0.013676 
-0.106840 
-0.156674 
0.107252 
0.075572 
0.068295 
0.020406 
-0.056710 
0.010570 
-0.007351 
0.077753 
0.025823 
-0.032138 
0.084762 
-0.134661 
0.001293 
-0.066357 
0.017103 
0.088615 
0.025765 
0.013661 
-0.093252 
-0.015377 
-0.001582 
-0.152404 
-0.055267 
0.036502 
0.010074 
0.116507 
0.012035 
-0.018476 
0.063675 
0.112478 
-0.050535 
0.075067 
0.090882 
-0.062411 
0.051370 
-0.069849 
0.059340 
0.044041 
0.034498 
0.020481 
0.060772 
-0.033767 
0.036611 
0.049523 
0.143851 
0.046081 
-0.144784 
0.032632 
-0.026786 
-0.028894 
0.114576 
-0.043498 
0.127326 
0.118699 
-0.029721 
-0.051396 
0.132764 
-0.087340 
0.049339 
0.072216 
-0.007522 
0.039557 
0.062995 
-0.154247 
-0.008936 
0.176389 
-0.041793 
0.011215 
0.037757 
0.013751 
-0.080993 
0.092216 
-0.001229 
0.066809 
0.014947 
0.075104 
0.128839 
-0.035154 
0.098992 
-0.107925 
0.005227 
-0.113959 
-0.002745 
0.097663 
-0.029741 
-0.035067 
0.018658 
-0.137456 
-0.111055 
0.114609 
-0.025646 
-0.138376 
0.080168 
-0.058610 
0.015589 
-0.021820 
-0.039859 
-0.100331 
0.051084 
0.013616 
0.072957 
-0.120671 
0.063609 
0.041548 
0.161845 
0.016531 
0.101419 
-0.001231 
0.045159 
-0.179529 
-0.015274 
-0.028239 
0.101397 
0.035460 
0.118989 
-0.016370 
-0.026018 
0.004449 
0.121986 
-0.107430 
-0.114769 
-0.033237 
-0.001999 
0.152552 
-0.055009 
0.044537 
-0.028893 
-0.069360 
0.107132 
-0.024894 
0.058984 
-0.000814 
0.113532 
-0.094097 
-0.047845 
-0.029405 
0.058382 
0.034392 
0.188198 
-0.140823 
-0.057975 
0.028803 
-0.186991 
0.049958 
-0.085314 
-0.040632 
-0.085847 
0.045804 
0.065863 
0.057125 
0.182731 
0.101689 
0.108620 
0.045476 
-0.036612 
0.063138 
0.008212 
0.013624 
-0.056891 
-0.036260 
-0.121847 
-0.132013 
0.114017 
0.040199 
-0.016361 
-0.037186 
0.043890 
-0.163846 
0.006694 
0.108812 
-0.108628 
0.050632 
-0.016008 
0.055201 
0.019387 
0.100622 
-0.181296 
-0.013877 
-0.028619 
-0.032362 
-0.096852 
0.140553 
-0.056121 
0.106138 
0.048298 
-0.023055 
0.033529 
0.057100 
-0.051784 
-0.050780 
-0.114625 
-0.040074 
-0.037425 
0.117023 
0.095766 
-0.012953 
-0.101062 
-0.088961 
-0.067508 
0.030151 
0.025073 
-0.141330 
0.082075 
-0.102142 
0.075272 
0.135483 
-0.103300 
0.013822 
-0.058541 
-0.043811 
-0.008504 
-0.109379 
0.031959 
-0.231249 
-0.002192 
0.137074 
-0.061291 
-0.061713 
-0.035985 
-0.082143 
-0.095808 
-0.047042 
0.103682 
0.010705 
0.008685 
-0.056223 
0.041658 
-0.049442 
0.069274 
-0.115506 
-0.024502 
-0.031280 
-0.033156 
0.001083 
0.080225 
0.024657 
0.075339 
-0.019329 
0.068633 
-0.042310 
-0.026958 
-0.008847 
0.140273 
-0.020868 
-0.023754 
0.053156 
-0.002530 
-0.088744 
0.050959 
-0.153700 
0.068108 
-0.125966 
0.035892 
0.040168 
0.072253 
-0.096262 
0.097637 
0.026289 
0.055178 
0.100466 
-0.042586 
0.100964 
-0.017012 
-0.023516 
0.007082 
0.118500 
-0.180162 
-0.092542 
0.117236 
0.030913 
0.014060 
-0.033610 
0.058762 
0.065705 
0.087151 
-0.112610 
0.031318 
0.107959 
-0.053564 
0.003398 
-0.098911 
0.010708 
0.087287 
-0.024798 
0.001507 
-0.132619 
-0.138638 
-0.004177 
0.127276 
0.106606 
-0.039656 
0.095029 
-0.054929 
0.077446 
0.049825 
-0.050561 
-0.112762 
-0.016171 
-0.094798 
0.013796 
0.155333 
-0.003793 
-0.108589 
0.068248 
0.072532 
0.078130 
-0.087384 
-0.077958 
0.117102 
0.105889 
0.018709 
-0.021900 
-0.137664 
0.133685 
-0.044766 
-0.050681 
-0.104994 
0.077139 
-0.168200 
-0.140563 
-0.107628 
0.096364 
-0.009706 
-0.032010 
-0.058315 
-0.012921 
0.070537 
0.037171 
-0.038873 
-0.159700 
0.064630 
-0.014297 
-0.061063 
-0.089613 
0.088142 
0.058153 
-0.131521 
-0.095497 
0.116727 
-0.010745 
0.062737 
0.049931 
0.010725 
0.074755 
0.090763 
-0.050388 
-0.083514 
-0.050659 
0.027147 
0.006513 
-0.040354 
0.047355 
0.019594 
0.104276 
-0.127252 
0.014754 
-0.015570 
-0.012524 
-0.044651 
0.100454 
0.060988 
0.018644 
0.060914 
-0.051456 
-0.091640 
-0.068781 
0.167037 
0.015691 
0.147363 
-0.013869 
0.066989 
0.105236 
0.125807 
-0.087975 
-0.098383 
-0.102777 
0.155972 
0.123883 
-0.067833 
-0.118508 
0.058226 
0.035765 
-0.090768 
0.123535 
-0.110581 
0.104844 
0.124176 
-0.039841 
-0.100204 
0.067745 
-0.046387 
0.060313 
0.027208 
0.032795 
-0.054640 
0.095271 
-0.019349 
-0.139846 
-0.099820 
-0.036939 
0.019418 
0.022703 
-0.044442 
-0.005921 
0.009889 
-0.042912 
0.004303 
-0.120316 
-0.080663 
0.072822 
-0.023948 
0.018325 
0.065895 
-0.113466 
0.034374 
-0.006477 
-0.066944 
0.083072 
-0.025762 
0.007831 
0.183698 
0.096581 
-0.048959 
-0.086373 
0.011069 
0.125668 
-0.072973 
-0.093485 
0.025227 
-0.004047 
-0.116351 
-0.088499 
-0.142515 
0.013518 
0.077769 
0.099255 
-0.002291 
0.033773 
-0.114806 
0.040310 
-0.134824 
-0.009362 
0.080209 
0.017970 
-0.057496 
0.065421 
-0.101761 
-0.123462 
-0.012074 
-0.033346 
-0.052055 
0.019836 
0.057675 
0.001044 
-0.158766 
-0.023556 
0.084266 
-0.103254 
0.081616 
-0.092337 
0.059623 
-0.093867 
0.025575 
-0.111080 
-0.014883 
-0.181778 
-0.029741 
-0.021595 
-0.001287 
0.034169 
-0.089535 
0.054707 
0.025359 
0.057189 
-0.008639 
0.084855 
0.086510 
0.066579 
0.056398 
0.093705 
-0.067173 
-0.048475 
-0.093059 
0.099731 
0.046926 
-0.026030 
0.072597 
0.074180 
0.189511 
-0.047506 
0.056633 
0.046546 
-0.134610 
-0.028108 
0.038122 
-0.144553 
-0.062255 
-0.079105 
-0.064805 
-0.030888 
0.049387 
-0.124590 
-0.188293 
0.130450 
-0.059462 
0.175655 
0.047325 
-0.063465 
0.092327 
-0.021991 
0.016534 
0.054674 
-0.124681 
-0.014453 
-0.110479 
-0.009744 
-0.050429 
0.168740 
0.126812 
-0.068380 
-0.045745 
0.120597 
-0.117434 
0.026663 
0.020175 
0.078738 
-0.083772 
0.177730 
0.017261 
0.116534 
-0.010228 
-0.031879 
0.113497 
-0.005191 
-0.034053 
-0.063232 
0.058905 
-0.023729 
-0.095203 
0.038727 
0.111439 
0.025552 
0.133043 
-0.028341 
0.048251 
-0.096904 
-0.057955 
0.076465 
0.025259 
-0.025869 
0.015682 
0.033528 
-0.143153 
-0.063557 
0.105190 
-0.029309 
-0.034157 
0.097840 
0.133176 
0.110685 
-0.020445 
-0.113462 
0.166393 
-0.019883 
0.016527 
-0.033952 
0.118928 
-0.092587 
0.143401 
0.040645 
-0.172412 
-0.052075 
0.085774 
-0.027420 
-0.046193 
0.102627 
-0.103375 
-0.121739 
0.101488 
0.076925 
-0.107764 
0.132355 
-0.083414 
0.062694 
0.013642 
-0.163767 
0.081474 
0.025800 
0.123131 
0.046395 
0.050213 
0.031273 
0.074770 
-0.013428 
0.112335 
0.010374 
0.108404 
0.002481 
0.018459 
-0.029105 
-0.002126 
0.087815 
0.038452 
0.021681 
-0.049864 
0.117751 
-0.095348 
0.189843 
-0.075938 
-0.185953 
-0.048273 
0.065033 
-0.107221 
0.055041 
-0.066151 
-0.018065 
-0.023974 
0.097208 
-0.000681 
0.120148 
0.091716 
0.002018 
-0.019615 
-0.052191 
0.127640 
0.054646 
-0.124372 
-0.099849 
-0.068856 
-0.054978 
0.136301 
0.030388 
-0.028467 
-0.023126 
-0.110058 
0.002182 
-0.096819 
0.003698 
-0.003678 
-0.088980 
0.087005 
-0.047253 
-0.002495 
-0.008660 
0.022949 
0.010538 
-0.101225 
0.113905 
-0.124318 
0.035641 
0.022593 
-0.055022 
-0.105484 
-0.091121 
0.136138 
0.036783 
-0.056505 
-0.103195 
-0.097941 
0.098714 
0.141568 
0.055208 
0.032699 
-0.018244 
-0.064937 
-0.039627 
-0.075855 
0.127277 
-0.094341 
0.041128 
-0.024595 
0.058072 
-0.058181 
-0.049571 
-0.042485 
-0.054712 
0.021666 
-0.046817 
-0.096052 
0.011827 
-0.064794 
0.001235 
0.080564 
0.000398 
-0.060688 
-0.001657 
-0.059624 
-0.066120 
-0.120068 
-0.111828 
0.018052 
-0.045974 
-0.157317 
-0.099071 
-0.135601 
0.039625 
0.058347 
-0.092944 
-0.126451 
0.181896 
0.062657 
-0.012479 
-0.076356 
0.073792 
0.023829 
-0.013584 
0.030928 
0.088724 
-0.117485 
-0.035436 
0.085599 
0.114892 
0.122635 
-0.053350 
-0.045654 
-0.000223 
-0.029802 
-0.095687 
0.046298 
-0.171247 
-0.088333 
0.035843 
-0.043310 
-0.122111 
-0.033672 
-0.067910 
-0.125673 
0.122874 
-0.077933 
-0.094707 
-0.047481 
0.019339 
-0.071043 
-0.057942 
0.125620 
-0.004492 
0.085953 
-0.150802 
0.007555 
-0.048612 
-0.000258 
-0.086557 
-0.094085 
0.136998 
-0.046398 
-0.063850 
-0.174331 
0.061232 
-0.119567 
-0.063989 
-0.091064 
0.026219 
0.094121 
-0.083776 
-0.054054 
0.056111 
0.049865 
-0.036966 
0.143505 
-0.048901 
-0.117649 
-0.130971 
0.083595 
0.118214 
0.098401 
-0.099837 
0.061927 
-0.085540 
-0.050335 
0.126180 
0.067797 
-0.100839 
0.128782 
-0.161623 
0.029048 
0.032701 
0.010324 
-0.082277 
0.077700 
-0.069927 
0.082933 
-0.010609 
0.077826 
0.030791 
0.085843 
0.022347 
-0.215821 
-0.083336 
-0.019311 
0.013917 
-0.064729 
-0.060889 
0.040845 
0.086173 
0.016323 
0.002511 
0.018979 
-0.061919 
0.012942 
-0.029663 
0.069540 
-0.002981 
0.046711 
0.066116 
-0.043063 
0.096099 
0.060095 
0.111809 
0.067692 
0.138210 
0.081986 
-0.055119 
0.074450 
0.018548 
0.089784 
-0.054704 
-0.086589 
-0.042325 
-0.010388 
0.016302 
0.036823 
0.068384 
0.001375 
0.042580 
0.185397 
0.012686 
0.094767 
0.152822 
-0.013957 
-0.006175 
0.045606 
-0.044329 
0.044526 
0.103119 
0.115623 
-0.030155 
0.143363 
0.003100 
0.114584 
0.162249 
-0.052721 
-0.091490 
0.131472 
0.031987 
0.053646 
-0.045734 
0.084037 
-0.109991 
0.011052 
0.071134 
0.164620 
-0.136400 
-0.048412 
0.083215 
-0.077958 
0.104838 
-0.032055 
0.119235 
0.115193 
-0.118590 
0.092980 
-0.014076 
0.217730 
-0.048711 
0.057593 
0.004588 
-0.086411 
-0.060219 
-0.031318 
0.114753 
0.096719 
0.056343 
0.002179 
-0.011706 
0.033055 
0.141424 
0.084037 
0.065832 
0.097410 
-0.097483 
-0.106923 
0.078697 
0.032307 
0.048134 
0.028686 
0.069957 
-0.061679 
-0.008121 
-0.206559 
0.100070 
-0.011056 
-0.105981 
0.012113 
-0.034545 
0.032517 
0.070641 
