-2.123236060142517090e-01
-1.417061388492584229e-01
-1.952662505209445953e-02
-1.867470592260360718e-01
-6.392016261816024780e-02
-1.681864410638809204e-01
3.640290722250938416e-02
-1.023931279778480530e-01
-2.178186774253845215e-01
-2.489049434661865234e-01
-1.589309275150299072e-01
-3.206197023391723633e-01
-5.612251535058021545e-02
-1.241321954876184464e-02
-1.366079449653625488e-01
-1.413433849811553955e-01
-1.288530509918928146e-02
1.256951130926609039e-03
-9.720662981271743774e-02
-1.636812388896942139e-01
-1.029652953147888184e-01
1.557158082723617554e-01
-1.650209873914718628e-01
-1.603370755910873413e-01
-2.239356338977813721e-01
-4.392870701849460602e-03
-1.309103667736053467e-01
-1.038833707571029663e-01
-7.612124085426330566e-02
-7.962047308683395386e-02
-6.448005139827728271e-02
-3.870566934347152710e-02
-1.374095231294631958e-01
-5.952351912856101990e-02
5.712322890758514404e-02
-2.111671864986419678e-01
-1.510645300149917603e-01
1.097452044486999512e-01
-2.326088258996605873e-03
2.023332752287387848e-02
1.101794317364692688e-01
1.125427857041358948e-01
-3.581257071346044540e-03
-1.225607842206954956e-01
1.519203335046768188e-01
9.091684222221374512e-02
1.140914112329483032e-01
2.448720186948776245e-01
-3.980650380253791809e-02
1.731982529163360596e-01
3.302163630723953247e-02
-1.477493047714233398e-01
5.245103035122156143e-03
3.328311815857887268e-02
-6.159495562314987183e-02
5.709209293127059937e-02
-1.556468755006790161e-01
2.651243209838867188e-01
4.221542775630950928e-01
1.642892658710479736e-01
-3.201484680175781250e-01
1.990416496992111206e-01
2.074705809354782104e-01
1.771446913480758667e-01
2.377817183732986450e-01
-7.959227077662944794e-03
-1.049435809254646301e-01
2.294639796018600464e-01
-7.433950901031494141e-02
1.045790463685989380e-01
1.241080369800329208e-02
5.299701541662216187e-02
3.123316168785095215e-01
-2.128359973430633545e-01
-1.065959706902503967e-01
2.004381418228149414e-01
3.029787912964820862e-02
1.866120696067810059e-01
-9.651930630207061768e-02
4.913411289453506470e-02
-3.158426284790039062e-01
-2.363846302032470703e-01
-9.041499346494674683e-02
-2.678546607494354248e-01
-2.597128152847290039e-01
-4.700982943177223206e-02
-1.803980395197868347e-02
1.367414146661758423e-01
-2.030697613954544067e-01
5.387071985751390457e-03
-2.364676594734191895e-01
5.621469393372535706e-02
-2.987720668315887451e-01
-1.574699431657791138e-01
2.590354345738887787e-02
-1.290749758481979370e-01
-1.044651940464973450e-01
-9.932773560285568237e-02
-7.445660233497619629e-02
-3.221023380756378174e-01
-3.181160688400268555e-01
-4.996821284294128418e-02
-2.626547962427139282e-02
9.644404053688049316e-02
1.089737787842750549e-01
-9.775068610906600952e-02
-5.084258690476417542e-02
-1.575463861227035522e-01
8.896412700414657593e-02
-2.256490737199783325e-01
-7.733569741249084473e-01
-2.070051431655883789e-01
1.719443686306476593e-02
2.084266394376754761e-01
4.309460893273353577e-02
-1.792024672031402588e-01
-7.717030495405197144e-02
-7.773835957050323486e-02
1.820124834775924683e-01
-1.226505846716463566e-03
1.483270823955535889e-01
4.855298250913619995e-02
2.438661605119705200e-01
-3.680787980556488037e-02
7.814610749483108521e-02
1.649691015481948853e-01
-4.366142451763153076e-01
-1.156291440129280090e-01
-1.894275248050689697e-01
-2.695186063647270203e-03
-3.900243043899536133e-01
-8.319087326526641846e-02
1.132243573665618896e-01
3.194984793663024902e-02
-3.602533638477325439e-01
-2.778550684452056885e-01
-2.268513441085815430e-01
-2.288481891155242920e-01
3.444352746009826660e-02
-1.584243029356002808e-01
1.966398581862449646e-02
-4.073937237262725830e-02
-1.326234489679336548e-01
-3.990545272827148438e-01
-2.121416777372360229e-01
-3.792872130870819092e-01
5.009493324905633926e-03
-8.577311784029006958e-02
-1.816833764314651489e-01
-1.299570649862289429e-01
-4.068837442900985479e-04
2.073779702186584473e-01
-4.757026135921478271e-01
2.585275471210479736e-01
-9.901648014783859253e-02
1.561563760042190552e-01
1.880620568990707397e-01
-9.558752179145812988e-02
-1.685054898262023926e-01
2.488290965557098389e-01
-6.291925907135009766e-02
3.441197574138641357e-01
3.401310443878173828e-01
-6.114978715777397156e-02
2.449892759323120117e-01
3.061880916357040405e-02
1.579024195671081543e-01
-1.159789562225341797e-01
1.848631799221038818e-01
-1.235287189483642578e-01
3.486507534980773926e-01
2.551713585853576660e-01
1.029023602604866028e-01
-2.902449667453765869e-01
2.145102173089981079e-01
3.535647317767143250e-02
-2.135270833969116211e-01
2.354299277067184448e-01
2.515013515949249268e-01
2.447615144774317741e-03
1.802979707717895508e-01
-6.343889050185680389e-03
5.098651051521301270e-01
-8.698987215757369995e-02
1.825252026319503784e-01
2.849936187267303467e-01
2.326382100582122803e-01
5.572229251265525818e-02
1.547358334064483643e-01
1.168472543358802795e-01
3.701631352305412292e-02
1.322338581085205078e-01
4.145012497901916504e-01
7.052781432867050171e-02
1.744119971990585327e-01
3.313198387622833252e-01
9.257493913173675537e-02
-1.072601228952407837e-01
-1.301055103540420532e-01
5.556097999215126038e-02
-3.104804754257202148e-01
-6.972498446702957153e-02
3.253404796123504639e-01
2.820406854152679443e-01
1.237672343850135803e-01
2.299728989601135254e-01
-2.479914724826812744e-01
2.806236445903778076e-01
2.993538230657577515e-02
4.891259372234344482e-01
-5.077308416366577148e-02
1.483662724494934082e-01
5.709485709667205811e-02
-1.075730919837951660e-01
3.448315709829330444e-02
1.840529590845108032e-01
-2.973077595233917236e-01
3.462766408920288086e-01
6.399410963058471680e-02
-1.543732825666666031e-02
-3.178277015686035156e-01
-1.301117092370986938e-01
1.843083500862121582e-01
3.399713933467864990e-01
-1.201560720801353455e-01
3.750410079956054688e-01
9.469832479953765869e-02
3.995134308934211731e-02
-1.741435974836349487e-01
3.171267509460449219e-01
9.709609299898147583e-02
-1.718098968267440796e-01
2.851578891277313232e-01
1.360988914966583252e-01
1.813895255327224731e-01
1.718089282512664795e-01
1.202175393700599670e-02
9.700994193553924561e-02
1.715665906667709351e-01
3.093340694904327393e-01
6.517092138528823853e-02
-9.524182230234146118e-02
8.461428433656692505e-02
-1.506730020046234131e-01
-1.562852561473846436e-01
-4.517658427357673645e-02
-2.086873203516006470e-01
1.764381974935531616e-01
-9.429123997688293457e-02
9.185996651649475098e-02
1.243195086717605591e-01
-6.430786848068237305e-02
1.220566257834434509e-01
-1.730670630931854248e-01
1.986209303140640259e-01
-8.282504044473171234e-03
1.074452996253967285e-01
5.380660891532897949e-01
3.240705654025077820e-02
7.472841441631317139e-02
-1.528422832489013672e-01
9.091451764106750488e-02
-2.935506403446197510e-01
3.134909570217132568e-01
1.348449736833572388e-01
1.452515870332717896e-01
1.427379846572875977e-01
-2.470741122961044312e-01
1.130799576640129089e-01
3.148832023143768311e-01
3.068650327622890472e-02
-1.459672302007675171e-01
2.648507058620452881e-01
1.360109914094209671e-02
5.458286032080650330e-02
-4.795510321855545044e-02
1.189971044659614563e-01
8.451007306575775146e-02
-2.079126238822937012e-01
1.378929167985916138e-01
-2.266887947916984558e-02
4.494117796421051025e-01
-1.145549118518829346e-01
2.137619070708751678e-02
1.192953959107398987e-01
1.828632503747940063e-01
7.947743684053421021e-02
1.015376746654510498e-01
-1.872753202915191650e-01
7.044193893671035767e-02
1.134263258427381516e-02
-4.445599392056465149e-03
2.228557020425796509e-01
-8.117769658565521240e-02
-2.183940559625625610e-01
-1.482010930776596069e-01
-1.792645752429962158e-01
-7.428375631570816040e-02
-3.173113763332366943e-01
2.465651482343673706e-01
-3.046548962593078613e-01
-6.083461269736289978e-02
-3.261849880218505859e-01
-2.451064623892307281e-02
-2.805700302124023438e-01
6.020404398441314697e-02
4.946083575487136841e-02
-2.057100981473922729e-01
-1.896189898252487183e-01
1.359777245670557022e-02
-1.468520909547805786e-01
-1.891662925481796265e-01
-1.574037373065948486e-01
2.233612984418869019e-01
8.483573794364929199e-03
-2.861380390822887421e-02
-9.209394454956054688e-02
-1.161334067583084106e-01
-6.930704414844512939e-02
-1.060386151075363159e-01
-8.725797384977340698e-02
-2.639490664005279541e-01
-1.802547127008438110e-01
-2.596113085746765137e-01
-9.592374414205551147e-02
-3.615545928478240967e-01
-3.480168282985687256e-01
-2.293704599142074585e-01
-3.370226323604583740e-01
-4.901862144470214844e-02
-9.938020259141921997e-02
-2.298685163259506226e-01
9.400110691785812378e-02
2.600690424442291260e-01
1.066776141524314880e-01
6.795185804367065430e-02
7.426254451274871826e-03
-1.427599042654037476e-01
-4.167485237121582031e-01
-5.001397803425788879e-02
-1.147310212254524231e-01
-1.888077259063720703e-01
5.851535242982208729e-04
6.797510385513305664e-02
-5.515653640031814575e-03
-3.418639302253723145e-01
2.634725868701934814e-01
5.926414951682090759e-02
-2.170837372541427612e-01
9.349730610847473145e-02
4.668741673231124878e-02
-2.304937094449996948e-01
-1.656977534294128418e-01
-2.367614060640335083e-01
-1.438242793083190918e-01
-1.712775528430938721e-01
-1.883499175310134888e-01
-1.755637973546981812e-01
4.002755880355834961e-02
2.335913181304931641e-01
1.279204431921243668e-02
5.790912359952926636e-02
-1.234283298254013062e-01
5.085651203989982605e-02
5.685292929410934448e-02
4.273835569620132446e-02
9.764289110898971558e-02
-6.801418960094451904e-02
-3.635506033897399902e-01
-2.505044639110565186e-01
-1.756905615329742432e-01
-3.067052662372589111e-01
5.928578600287437439e-02
1.680829077959060669e-01
-1.017539575695991516e-01
-6.741607934236526489e-02
-1.228348687291145325e-01
1.209765598177909851e-01
3.385683298110961914e-01
4.718930646777153015e-02
-3.148990571498870850e-01
-8.190408349037170410e-02
4.222599267959594727e-01
4.965608194470405579e-02
-4.019471704959869385e-01
-7.216012477874755859e-02
-2.835172973573207855e-02
-7.386764138936996460e-02
-2.706252634525299072e-01
-9.569828212261199951e-02
-1.262874901294708252e-01
9.210957586765289307e-02
-2.724497020244598389e-01
8.306018263101577759e-02
-1.854087412357330322e-01
1.067546382546424866e-01
-5.235090479254722595e-02
-3.279263526201248169e-02
-4.292252957820892334e-01
9.616152942180633545e-02
-2.687481641769409180e-01
3.482292219996452332e-02
-9.269676357507705688e-02
3.021838888525962830e-02
-1.820412278175354004e-01
3.014362454414367676e-01
2.198897451162338257e-01
-3.020206689834594727e-01
-2.990364730358123779e-01
-2.299678325653076172e-01
-4.033667594194412231e-02
2.740101190283894539e-03
-7.604783773422241211e-02
2.140701748430728912e-02
-9.928089566528797150e-03
1.095180958509445190e-01
5.478094518184661865e-02
-2.144439965486526489e-01
-3.881276398897171021e-02
1.100271120667457581e-01
8.630017936229705811e-02
-1.090268939733505249e-01
-4.443799257278442383e-01
1.579615771770477295e-01
3.884180784225463867e-01
-9.309872239828109741e-02
-2.005937993526458740e-01
-3.941430151462554932e-01
2.769993841648101807e-01
-2.768817543983459473e-01
-2.459779940545558929e-02
6.181165203452110291e-02
-1.544040441513061523e-01
5.956365168094635010e-02
-9.680154919624328613e-02
-3.805547952651977539e-02
1.925382018089294434e-01
-2.539027035236358643e-01
1.269067972898483276e-01
-4.184343218803405762e-01
3.593566641211509705e-02
1.067432016134262085e-01
3.031349182128906250e-02
7.967721670866012573e-02
1.535939872264862061e-01
2.817620337009429932e-01
-9.646989405155181885e-03
-2.391032129526138306e-01
2.001483738422393799e-01
6.833010911941528320e-02
-1.127488240599632263e-01
-1.416958272457122803e-01
7.722628861665725708e-02
4.377192854881286621e-01
3.283588588237762451e-01
-9.873129427433013916e-02
2.350439280271530151e-01
1.291826926171779633e-02
-2.293346822261810303e-01
-7.316327095031738281e-02
-3.563104942440986633e-02
-7.714696228504180908e-02
-4.112674668431282043e-02
-1.847431808710098267e-01
1.976213231682777405e-02
-1.547437012195587158e-01
-9.440590441226959229e-02
1.708974093198776245e-01
2.053399682044982910e-01
5.791934207081794739e-02
-1.475437879562377930e-01
1.401794026605784893e-03
-1.593049615621566772e-01
2.417777329683303833e-01
3.135332763195037842e-01
9.945668280124664307e-02
-2.150478512048721313e-01
6.615542769432067871e-01
2.156018018722534180e-01
-3.260346353054046631e-01
3.629159629344940186e-01
-1.255787461996078491e-01
1.303917765617370605e-01
-2.038960456848144531e-01
-1.010616198182106018e-01
2.359823435544967651e-01
-1.086653321981430054e-01
3.198166787624359131e-01
-5.963758230209350586e-01
3.586487472057342529e-01
-1.661839634180068970e-01
2.119958996772766113e-01
2.712551951408386230e-01
-1.515853255987167358e-01
-3.680635392665863037e-01
1.717367023229598999e-01
3.288225829601287842e-01
-5.145038962364196777e-01
1.064202934503555298e-01
-9.345555305480957031e-02
8.858371526002883911e-03
-4.798658937215805054e-02
-2.781200408935546875e-01
2.661176025867462158e-01
1.533231884241104126e-01
1.889230906963348389e-01
-5.507082343101501465e-01
-3.178216516971588135e-01
-3.973149694502353668e-03
3.368615806102752686e-01
-3.530230745673179626e-02
8.119309693574905396e-02
2.014938741922378540e-02
1.135399788618087769e-01
-2.570088505744934082e-01
1.205943226814270020e-01
-6.070230901241302490e-02
2.534885406494140625e-01
-1.933118700981140137e-01
2.220558002591133118e-02
3.403807990252971649e-03
8.135845512151718140e-02
2.131980508565902710e-01
1.060768589377403259e-01
8.936395496129989624e-02
-1.166659444570541382e-01
5.075297355651855469e-01
2.827217578887939453e-01
-4.859687387943267822e-02
2.365269958972930908e-01
-9.780094772577285767e-02
1.080191060900688171e-01
1.105803623795509338e-02
4.457476362586021423e-02
7.243808358907699585e-02
7.330828905105590820e-02
-1.839458495378494263e-01
7.506640255451202393e-02
-1.072522178292274475e-01
9.724310040473937988e-02
-1.269042789936065674e-01
-2.216560691595077515e-01
-3.164778230711817741e-03
-1.577269285917282104e-01
8.374948054552078247e-02
4.738938435912132263e-02
-1.262030750513076782e-01
-1.580911427736282349e-01
2.567131519317626953e-01
2.396563738584518433e-01
2.414557337760925293e-01
2.865791618824005127e-01
-5.895590037107467651e-02
-7.700566202402114868e-02
-1.277924925088882446e-01
1.088711321353912354e-01
-1.809234023094177246e-01
2.040075957775115967e-01
-2.779927253723144531e-01
-2.993435561656951904e-01
-3.477487564086914062e-01
1.034030020236968994e-01
-2.651728093624114990e-01
3.174812793731689453e-01
4.928718134760856628e-02
-2.821482717990875244e-01
-2.997106872498989105e-02
-2.010147720575332642e-01
8.919366449117660522e-02
1.293414086103439331e-01
1.586907953023910522e-01
-2.311554923653602600e-02
-9.806404262781143188e-02
-2.638584375381469727e-01
-1.050891354680061340e-01
7.024259772151708603e-03
-1.540357917547225952e-01
2.885722368955612183e-02
-9.406878799200057983e-02
1.373979728668928146e-02
-1.859368830919265747e-01
-1.996946334838867188e-01
-1.882846355438232422e-01
1.110821515321731567e-01
-2.982240319252014160e-01
2.649822831153869629e-01
1.029288992285728455e-01
3.102182745933532715e-01
6.374365091323852539e-02
1.875005662441253662e-01
-7.082523405551910400e-02
1.788662970066070557e-01
-1.330749690532684326e-02
6.075447890907526016e-03
1.715821474790573120e-01
-2.005409896373748779e-01
1.771087199449539185e-01
3.830999433994293213e-01
3.119591251015663147e-02
-1.127471774816513062e-02
-1.889910697937011719e-01
1.064761262387037277e-02
-2.418020814657211304e-01
2.044568657875061035e-01
-7.027430087327957153e-02
8.086179196834564209e-02
9.991908818483352661e-02
-2.963045835494995117e-01
1.561033576726913452e-01
-3.306140750646591187e-02
7.680401951074600220e-02
7.131910324096679688e-02
1.090101301670074463e-01
2.185629867017269135e-02
-1.322662830352783203e-01
-3.664557635784149170e-01
-3.091168701648712158e-01
2.463846653699874878e-01
3.834411501884460449e-02
-1.356351673603057861e-01
1.549568921327590942e-01
8.231096714735031128e-02
-1.903294324874877930e-01
5.629406124353408813e-02
2.081484943628311157e-01
-6.866925209760665894e-02
-6.467176228761672974e-02
1.787720024585723877e-01
-3.544070944190025330e-02
6.614082492887973785e-03
3.191024810075759888e-02
2.432967573404312134e-01
-7.890718430280685425e-02
2.716330587863922119e-01
3.530157208442687988e-01
6.492146104574203491e-02
-4.933603107929229736e-02
-2.530108988285064697e-01
-2.203871160745620728e-01
-2.123889029026031494e-01
-6.460744142532348633e-02
-2.348689138889312744e-01
4.866830259561538696e-02
-1.739110350608825684e-01
-2.494003176689147949e-01
-8.879927545785903931e-02
-1.018673628568649292e-01
1.106533631682395935e-01
2.957953512668609619e-01
-1.045343652367591858e-01
5.023073032498359680e-02
2.320644110441207886e-01
3.037203662097454071e-02
2.281067967414855957e-01
3.424971550703048706e-02
4.230236411094665527e-01
3.243958652019500732e-01
1.146381720900535583e-01
1.403224170207977295e-01
-1.245646774768829346e-01
4.038746654987335205e-02
5.329659581184387207e-02
1.081000044941902161e-01
-9.971582144498825073e-02
-8.610783517360687256e-02
9.241161495447158813e-02
7.926590740680694580e-02
-5.051711574196815491e-02
1.257043182849884033e-01
1.049248352646827698e-01
1.191868782043457031e-01
3.991027176380157471e-01
5.694674793630838394e-03
2.625774443149566650e-01
1.964487433433532715e-01
-5.579178780317306519e-02
-2.831483781337738037e-01
-5.712386593222618103e-02
-4.181962832808494568e-02
-1.349599957466125488e-01
2.444327473640441895e-01
1.962128132581710815e-01
1.767790764570236206e-01
-2.823003530502319336e-01
-3.639707565307617188e-01
1.066175550222396851e-01
-5.494493991136550903e-02
-2.695896662771701813e-02
-7.152521051466464996e-03
6.782509386539459229e-02
4.736300185322761536e-02
2.124147303402423859e-02
1.514678895473480225e-01
-3.089901208877563477e-01
3.656808659434318542e-02
8.440686017274856567e-02
2.920297384262084961e-01
5.769594013690948486e-02
7.196959108114242554e-02
-6.485539674758911133e-02
-5.922271311283111572e-02
-6.638104468584060669e-02
-1.569199264049530029e-01
1.338445991277694702e-01
6.469955295324325562e-02
-3.793505430221557617e-01
2.076272666454315186e-01
1.973715871572494507e-01
-1.445517838001251221e-01
1.612385958433151245e-01
2.034762687981128693e-02
8.179521560668945312e-02
1.698439121246337891e-01
2.655222117900848389e-01
-2.474514842033386230e-01
-1.048179119825363159e-01
-5.954634025692939758e-02
1.938160955905914307e-01
-6.515064090490341187e-02
-4.016891866922378540e-02
2.836399972438812256e-01
1.855337172746658325e-01
8.505284041166305542e-02
-1.746772378683090210e-01
3.152659907937049866e-02
7.464923709630966187e-02
2.134533077478408813e-01
-1.240208745002746582e-01
1.915193647146224976e-01
1.783877983689308167e-02
-2.832240760326385498e-01
1.734768897294998169e-01
-1.598205119371414185e-01
-2.077129185199737549e-01
-9.837874025106430054e-02
-1.177071630954742432e-01
-2.998973131179809570e-01
1.973319984972476959e-02
-1.304470002651214600e-01
5.688849091529846191e-01
2.024003565311431885e-01
9.532633423805236816e-02
1.094256713986396790e-01
2.170165032148361206e-01
-1.168323308229446411e-01
1.318597942590713501e-01
-2.934411168098449707e-01
9.955406188964843750e-03
1.919129192829132080e-01
1.838565021753311157e-01
6.281247362494468689e-03
2.337488830089569092e-01
6.957569718360900879e-02
-2.841489315032958984e-01
-2.289140224456787109e-01
1.140568181872367859e-01
3.107545971870422363e-01
1.300283614546060562e-02
1.072735413908958435e-01
-1.498035490512847900e-01
2.189552932977676392e-01
9.688396006822586060e-03
1.544926129281520844e-02
2.400881052017211914e-01
1.379325091838836670e-01
-1.654279381036758423e-01
-2.005554139614105225e-01
1.542154848575592041e-01
-3.492195904254913330e-02
9.861490130424499512e-02
-1.369845867156982422e-02
-5.279152840375900269e-02
-3.730233013629913330e-01
-1.162014380097389221e-01
-6.463260203599929810e-02
2.489523291587829590e-01
1.945912539958953857e-01
2.544188499450683594e-01
-1.662243455648422241e-01
-4.122102260589599609e-01
1.778142303228378296e-01
-9.668628126382827759e-02
-1.809938699007034302e-01
-2.219080179929733276e-01
1.153846308588981628e-01
3.855842947959899902e-01
6.331451982259750366e-02
-9.780292958021163940e-02
2.134951353073120117e-01
-1.010172162204980850e-02
-3.748279511928558350e-01
5.783405154943466187e-02
1.857698857784271240e-01
1.286803185939788818e-01
3.467649817466735840e-01
-2.887855768203735352e-01
-1.556069701910018921e-01
-4.980009794235229492e-02
-8.681514114141464233e-02
1.566663086414337158e-01
-4.549406766891479492e-01
2.887265980243682861e-01
-1.782604157924652100e-01
-1.815150678157806396e-02
-3.793831914663314819e-02
-2.548145651817321777e-01
-1.923387348651885986e-01
8.070663362741470337e-02
-2.275733649730682373e-02
2.662168741226196289e-01
-2.475441545248031616e-01
-1.624884456396102905e-01
-3.868220373988151550e-03
-1.420829538255929947e-02
-1.019896194338798523e-01
5.814718082547187805e-02
4.438964724540710449e-01
-2.094621360301971436e-01
-1.449923962354660034e-01
1.189982146024703979e-01
-2.082526981830596924e-01
1.038880087435245514e-03
1.255884468555450439e-01
8.777755498886108398e-02
4.916924238204956055e-02
4.577120766043663025e-02
-6.727404147386550903e-02
-1.407567411661148071e-01
2.956746518611907959e-01
-1.940719634294509888e-01
-5.381616204977035522e-02
1.030200570821762085e-01
-4.065504297614097595e-02
5.538976192474365234e-02
3.162634074687957764e-01
4.944460466504096985e-03
4.257042426615953445e-03
1.642248779535293579e-02
1.362427026033401489e-01
-5.039905011653900146e-02
4.393173381686210632e-02
-4.330062493681907654e-02
2.971784770488739014e-01
6.688553839921951294e-02
-3.188975751399993896e-01
2.878620326519012451e-01
-8.610719442367553711e-02
-4.337472841143608093e-02
4.237142205238342285e-01
1.361750960350036621e-01
1.707000136375427246e-01
-1.288864165544509888e-01
-1.130431294441223145e-01
-9.367767721414566040e-02
-1.451639086008071899e-01
1.529608666896820068e-01
-1.647763848304748535e-01
4.206432774662971497e-02
-3.294799625873565674e-01
-1.764254760928452015e-03
2.030226439237594604e-01
-2.426120452582836151e-02
-1.437768936157226562e-01
-1.555898785591125488e-02
2.311852723360061646e-01
3.164799511432647705e-01
-2.244533225893974304e-02
-1.693666428327560425e-01
7.302495837211608887e-02
4.305093362927436829e-02
9.776763617992401123e-02
-1.282929033041000366e-01
-4.146655276417732239e-02
-1.817308925092220306e-02
-2.190490514039993286e-01
-7.102376222610473633e-02
4.961241036653518677e-02
-4.394267499446868896e-02
-3.345511853694915771e-02
-6.807150691747665405e-02
2.980580031871795654e-01
-7.571868598461151123e-02
3.389899432659149170e-01
-2.008080482482910156e-01
1.282716840505599976e-01
-1.610667109489440918e-01
-7.843893021345138550e-02
2.798463962972164154e-02
-1.290308535099029541e-01
6.657233089208602905e-02
-4.736343026161193848e-02
8.440929464995861053e-03
-4.314984753727912903e-02
3.508586585521697998e-01
2.473125606775283813e-01
1.710125803947448730e-02
8.301488310098648071e-02
6.957162171602249146e-02
8.061493188142776489e-02
-2.997094392776489258e-01
-1.180238723754882812e-01
-9.039398282766342163e-02
-9.292327798902988434e-03
3.151050209999084473e-02
2.796868681907653809e-01
2.062154114246368408e-01
-1.247354447841644287e-01
1.257662177085876465e-01
-1.975234448909759521e-01
9.393134713172912598e-02
2.322104573249816895e-01
-2.207498103380203247e-01
-2.171074748039245605e-01
1.890733242034912109e-01
-2.920448184013366699e-01
1.452956069260835648e-02
1.371026132255792618e-02
2.797584533691406250e-01
3.158251941204071045e-01
1.664625257253646851e-01
-2.048681974411010742e-01
3.673773407936096191e-01
2.880463302135467529e-01
2.123314440250396729e-01
8.139246702194213867e-02
2.922191843390464783e-02
4.260956048965454102e-01
-1.102986484766006470e-01
2.137439250946044922e-01
4.504792094230651855e-01
2.798547968268394470e-02
4.780313372611999512e-02
-2.625480294227600098e-01
2.220168560743331909e-01
2.699860632419586182e-01
5.698592066764831543e-01
1.069911122322082520e-01
-7.442474365234375000e-02
-1.062528789043426514e-01
2.800533920526504517e-02
1.373614072799682617e-01
1.124783977866172791e-01
8.599517494440078735e-02
1.886057108640670776e-01
-3.559582829475402832e-01
2.017836458981037140e-02
-5.258916318416595459e-02
-3.701233863830566406e-01
1.172090042382478714e-02
-2.470270097255706787e-01
-1.971829235553741455e-01
1.837955974042415619e-02
-3.783279284834861755e-02
-1.441627442836761475e-01
-3.153904899954795837e-02
1.931421309709548950e-01
-1.942015588283538818e-01
-1.097269803285598755e-01
-1.051628813147544861e-01
-1.204751897603273392e-02
5.052139610052108765e-02
1.616647392511367798e-01
2.603685259819030762e-01
1.996505260467529297e-02
-2.456075884401798248e-02
4.943342804908752441e-01
-6.900280714035034180e-02
1.909711658954620361e-01
-3.548299670219421387e-01
1.308612674474716187e-01
8.783384109847247601e-04
2.824116647243499756e-01
-6.833890080451965332e-02
-1.796784065663814545e-02
3.485815227031707764e-02
9.363455325365066528e-02
1.069423481822013855e-01
3.353113532066345215e-01
-1.951492875814437866e-01
1.138562709093093872e-01
-1.751767843961715698e-02
2.070670574903488159e-01
3.093302249908447266e-01
1.152531206607818604e-01
-1.903900951147079468e-01
-3.612545132637023926e-01
-2.332711666822433472e-01
1.052215322852134705e-02
2.051753848791122437e-01
1.157901883125305176e-01
-1.094009950757026672e-01
-3.780399858951568604e-01
-1.196220442652702332e-01
-3.069812059402465820e-01
-2.286981195211410522e-01
-3.595510721206665039e-01
-3.537801802158355713e-01
1.172876060009002686e-01
-4.488203674554824829e-02
1.185629144310951233e-01
