0.42947056889533996582 
0.37346699833869934082 
-0.06136011332273483276 
0.27476987242698669434 
0.03868077695369720459 
-0.36722335219383239746 
-0.05746816843748092651 
-0.26224967837333679199 
-0.35009676218032836914 
0.55037945508956909180 
0.44007453322410583496 
-0.08138703554868698120 
0.34573906660079956055 
0.04063220694661140442 
-0.45350131392478942871 
-0.05863491445779800415 
-0.33066967129707336426 
-0.48503020405769348145 
0.48001539707183837891 
0.40854740142822265625 
-0.06514555215835571289 
0.31047725677490234375 
0.05020236596465110779 
-0.40338343381881713867 
-0.05087168514728546143 
-0.28522750735282897949 
-0.41851633787155151367 
0.11727386713027954102 
0.16206263005733489990 
0.13569399714469909668 
0.14835016429424285889 
0.20229844748973846436 
0.16168841719627380371 
0.12934428453445434570 
0.17157241702079772949 
0.13871045410633087158 
0.02087743766605854034 
0.04734123870730400085 
0.04185438528656959534 
0.03104937076568603516 
0.06581021845340728760 
0.04625749588012695312 
0.03167876973748207092 
0.05471010506153106689 
0.04231958463788032532 
-0.17269667983055114746 
-0.17037504911422729492 
-0.15435153245925903320 
-0.18760149180889129639 
-0.17757156491279602051 
-0.17439997196197509766 
-0.16600266098976135254 
-0.16666673123836517334 
-0.15704880654811859131 
0.03401295840740203857 
0.00170863140374422073 
-0.11569434404373168945 
0.16155983507633209229 
0.15641425549983978271 
-0.08993653953075408936 
0.01290302164852619171 
0.00005445552233140916 
-0.12533980607986450195 
0.09883115440607070923 
0.05138194561004638672 
-0.10176330059766769409 
0.24075055122375488281 
0.22031140327453613281 
-0.06674383580684661865 
0.07595883309841156006 
0.04867975786328315735 
-0.11207631230354309082 
0.03755771368741989136 
-0.00496297422796487808 
-0.13803806900978088379 
0.16659533977508544922 
0.15118817985057830811 
-0.10984963923692703247 
0.01562795042991638184 
-0.00796697661280632019 
-0.14913308620452880859 
0.35422092676162719727 
0.27866557240486145020 
0.30172353982925415039 
0.09780094027519226074 
-0.36236700415611267090 
-0.04607874900102615356 
-0.00097071146592497826 
-0.40317344665527343750 
-0.14681850373744964600 
0.43703237175941467285 
0.32275089621543884277 
0.35101369023323059082 
0.09673884510993957520 
-0.42466446757316589355 
-0.08895405381917953491 
-0.04814920201897621155 
-0.51541697978973388672 
-0.23510846495628356934 
0.40877538919448852539 
0.31449109315872192383 
0.34451025724411010742 
0.09916736930608749390 
-0.39442133903503417969 
-0.06177091598510742188 
-0.02741977199912071228 
-0.46822482347488403320 
-0.19285058975219726562 
-0.08658369630575180054 
0.19084392488002777100 
0.16842183470726013184 
-0.18646946549415588379 
0.17608799040317535400 
0.15426614880561828613 
-0.23963832855224609375 
-0.14159908890724182129 
-0.10266906768083572388 
-0.10985145717859268188 
0.23999787867069244385 
0.23852431774139404297 
-0.23399651050567626953 
0.20586448907852172852 
0.21035553514957427979 
-0.33689022064208984375 
-0.17719544470310211182 
-0.10954818874597549438 
-0.08203370124101638794 
0.25096547603607177734 
0.23059797286987304688 
-0.18142731487751007080 
0.24379836022853851318 
0.22827400267124176025 
-0.27790194749832153320 
-0.11767372488975524902 
-0.06813155859708786011 
0.22968295216560363770 
0.23940391838550567627 
0.23243521153926849365 
0.25140768289566040039 
0.26766660809516906738 
0.23725880682468414307 
0.22514924407005310059 
0.25982695817947387695 
0.22045546770095825195 
-0.19237703084945678711 
-0.22363968193531036377 
-0.18737320601940155029 
-0.21034836769104003906 
-0.23609307408332824707 
-0.22165568172931671143 
-0.19264043867588043213 
-0.19742602109909057617 
-0.19427177309989929199 
-0.04828076437115669250 
-0.08605088293552398682 
-0.04345801845192909241 
-0.07164131104946136475 
-0.10327226668596267700 
-0.08243634551763534546 
-0.04586786404252052307 
-0.05622768029570579529 
-0.04606854543089866638 
0.06683241575956344604 
-0.11207200586795806885 
-0.16651476919651031494 
0.14721949398517608643 
-0.05267246812582015991 
-0.15562349557876586914 
0.15202443301677703857 
0.09823290258646011353 
0.00739815086126327515 
0.09789737313985824585 
-0.12558412551879882812 
-0.20913845300674438477 
0.20074115693569183350 
-0.04312737286090850830 
-0.17975735664367675781 
0.22895684838294982910 
0.14149221777915954590 
0.02033226937055587769 
0.06561838090419769287 
-0.14696137607097625732 
-0.21190997958183288574 
0.15551699697971343994 
-0.07578589022159576416 
-0.19151596724987030029 
0.18386578559875488281 
0.10438650846481323242 
0.00406519323587417603 
0.04133838042616844177 
0.11657716333866119385 
0.10312013328075408936 
-0.21259114146232604980 
-0.14905244112014770508 
0.03825026005506515503 
-0.21321760118007659912 
-0.18567186594009399414 
-0.00163493945728987455 
0.07935188710689544678 
0.21280920505523681641 
0.23472066223621368408 
-0.23328967392444610596 
-0.10727408528327941895 
0.13385555148124694824 
-0.28242558240890502930 
-0.19886223971843719482 
0.04201773926615715027 
0.11799728125333786011 
0.25529897212982177734 
0.26339852809906005859 
-0.16804008185863494873 
-0.03511170297861099243 
0.18590737879276275635 
-0.22125229239463806152 
-0.12856954336166381836 
0.09334721416234970093 
0.13026784360408782959 
0.09586009383201599121 
0.12636506557464599609 
0.11136009544134140015 
0.07721649855375289917 
0.09905850142240524292 
0.10635132342576980591 
0.11343130469322204590 
0.09442389011383056641 
-0.27517738938331604004 
-0.31853049993515014648 
-0.27461805939674377441 
-0.29317632317543029785 
-0.33554825186729431152 
-0.30037677288055419922 
-0.28164103627204895020 
-0.28050637245178222656 
-0.28820973634719848633 
0.16427683830261230469 
0.16928768157958984375 
0.16928303241729736328 
0.19656844437122344971 
0.20457552373409271240 
0.19321002066135406494 
0.17174917459487915039 
0.21990668773651123047 
0.16903632879257202148 
0.03291034698486328125 
-0.05266473069787025452 
0.01590412668883800507 
0.15295147895812988281 
0.09797248989343643188 
0.14915154874324798584 
0.23163975775241851807 
0.24260002374649047852 
0.22880136966705322266 
-0.14232882857322692871 
-0.25114580988883972168 
-0.16095386445522308350 
-0.01564572937786579132 
-0.09185937047004699707 
-0.02074182778596878052 
0.10518215596675872803 
0.09847552329301834106 
0.10148138552904129028 
-0.15978716313838958740 
-0.27969706058502197266 
-0.17982842028141021729 
-0.05638140812516212463 
-0.14474233984947204590 
-0.06290370225906372070 
0.06816525012254714966 
0.04729915410280227661 
0.06334335356950759888 
0.09615457057952880859 
0.50021326541900634766 
0.04598915576934814453 
0.00384974665939807892 
0.48986774682998657227 
-0.04158863797783851624 
-0.38299575448036193848 
-0.31344005465507507324 
-0.38670486211776733398 
0.17323188483715057373 
0.60851591825485229492 
0.11340355128049850464 
0.01206517312675714493 
0.52829504013061523438 
-0.04311887547373771667 
-0.48918396234512329102 
-0.40672200918197631836 
-0.50109189748764038086 
0.14613638818264007568 
0.56498652696609497070 
0.09936477988958358765 
0.00304555403999984264 
0.50553119182586669922 
-0.03820083662867546082 
-0.45314636826515197754 
-0.36620375514030456543 
-0.45361366868019104004 
-0.09222532063722610474 
0.10438557714223861694 
0.04211994633078575134 
-0.15983562171459197998 
0.08756892383098602295 
0.03877558931708335876 
-0.22494633495807647705 
-0.15232339501380920410 
-0.11743780970573425293 
0.04103168845176696777 
0.29481014609336853027 
0.24502250552177429199 
-0.05235679075121879578 
0.25445628166198730469 
0.22273312509059906006 
-0.16469611227512359619 
-0.04491104185581207275 
0.01077384222298860550 
-0.09036128968000411987 
0.13328666985034942627 
0.08771687746047973633 
-0.18831856548786163330 
0.08857661485671997070 
0.06015956029295921326 
-0.27611634135246276855 
-0.17987623810768127441 
-0.12226780503988265991 
-0.15587331354618072510 
-0.14431473612785339355 
-0.14780510962009429932 
-0.14120808243751525879 
-0.10614072531461715698 
-0.12375734001398086548 
-0.17139397561550140381 
-0.15895552933216094971 
-0.15827181935310363770 
0.29249441623687744141 
0.34778323769569396973 
0.30743935704231262207 
0.35785919427871704102 
0.43766999244689941406 
0.37939447164535522461 
0.30069416761398315430 
0.35418957471847534180 
0.31385600566864013672 
-0.21903015673160552979 
-0.19743554294109344482 
-0.20970553159713745117 
-0.18859522044658660889 
-0.14462055265903472900 
-0.17370623350143432617 
-0.21276034414768218994 
-0.19308927655220031738 
-0.20633634924888610840 
0.05229679867625236511 
-0.01378012355417013168 
-0.11160711944103240967 
0.20315831899642944336 
0.17187729477882385254 
-0.01970160752534866333 
0.20184604823589324951 
0.19776742160320281982 
0.04263864830136299133 
0.01629656367003917694 
-0.07863537222146987915 
-0.18746006488800048828 
0.17765730619430541992 
0.11844506859779357910 
-0.08801440894603729248 
0.20032383501529693604 
0.17222669720649719238 
0.00345506332814693451 
-0.12617547810077667236 
-0.22639901936054229736 
-0.30508556962013244629 
0.00424111401662230492 
-0.06015021726489067078 
-0.23216101527214050293 
0.03813203424215316772 
0.00298582599498331547 
-0.13173215091228485107 
-0.08324417471885681152 
-0.38120895624160766602 
-0.05585348606109619141 
-0.04335450008511543274 
-0.39929130673408508301 
0.01176218315958976746 
0.22901718318462371826 
0.15875628590583801270 
0.26349422335624694824 
-0.12607213854789733887 
-0.45902365446090698242 
-0.08580324798822402954 
-0.04947374016046524048 
-0.43691039085388183594 
0.02217908203601837158 
0.30938667058944702148 
0.22457090020179748535 
0.35814291238784790039 
-0.09937376528978347778 
-0.41710737347602844238 
-0.06171193346381187439 
-0.03084001876413822174 
-0.40418109297752380371 
0.03518116101622581482 
0.29788255691528320312 
0.22192093729972839355 
0.34068930149078369141 
0.15728768706321716309 
0.13965815305709838867 
0.12965320050716400146 
0.10083992034196853638 
0.02901203930377960205 
0.08919528126716613770 
0.12384758144617080688 
0.10433288663625717163 
0.12977020442485809326 
-0.15555366873741149902 
-0.19292880594730377197 
-0.18910025060176849365 
-0.23621520400047302246 
-0.32983928918838500977 
-0.25150188803672790527 
-0.20190401375293731689 
-0.23962667584419250488 
-0.19676567614078521729 
0.16049297153949737549 
0.15084587037563323975 
0.12625746428966522217 
0.10185438394546508789 
0.03751705586910247803 
0.08432751148939132690 
0.10394310206174850464 
0.09285373985767364502 
0.10560405999422073364 
0.02911959588527679443 
-0.03295432776212692261 
0.03608579933643341064 
-0.04473094269633293152 
-0.11210624128580093384 
-0.03498693555593490601 
-0.04291649907827377319 
-0.08188602328300476074 
-0.03524959459900856018 
-0.05317233502864837646 
-0.10486917942762374878 
-0.05472880974411964417 
-0.09415262192487716675 
-0.14862580597400665283 
-0.09155736863613128662 
-0.09909016638994216919 
-0.12288103997707366943 
-0.09609735012054443359 
0.18870654702186584473 
0.18121564388275146484 
0.17780126631259918213 
0.23172281682491302490 
0.22561889886856079102 
0.22518183290958404541 
0.21362288296222686768 
0.23785017430782318115 
0.20846486091613769531 
0.05094835162162780762 
0.08374372124671936035 
-0.09326147288084030151 
0.07113239914178848267 
0.10391945391893386841 
-0.14529481530189514160 
-0.08312925696372985840 
-0.09716236591339111328 
-0.18348503112792968750 
0.18129716813564300537 
0.19839596748352050781 
-0.02546788752079010010 
0.19233669340610504150 
0.20635575056076049805 
-0.09300823509693145752 
-0.00075450062286108732 
-0.03500160947442054749 
-0.16189417243003845215 
0.09347538650035858154 
0.11005884408950805664 
-0.08960548788309097290 
0.09876989573240280151 
0.11281546205282211304 
-0.16094569861888885498 
-0.07285507023334503174 
-0.10681841522455215454 
-0.21489840745925903320 
0.19055747985839843750 
0.16667616367340087891 
0.19906574487686157227 
0.20155470073223114014 
0.11178231984376907349 
0.21125663816928863525 
0.19310384988784790039 
0.14746384322643280029 
0.19074046611785888672 
-0.20771929621696472168 
-0.25816103816032409668 
-0.19532510638236999512 
-0.21835856139659881592 
-0.33544188737869262695 
-0.20320655405521392822 
-0.19978706538677215576 
-0.27000710368156433105 
-0.19609001278877258301 
0.07497338950634002686 
0.04183868318796157837 
0.09044836461544036865 
0.07823766022920608521 
-0.01976683549582958221 
0.09559621661901473999 
0.08573886007070541382 
0.03318956866860389709 
0.09177571535110473633 
-0.04372228682041168213 
-0.10416019707918167114 
-0.04712771251797676086 
-0.08472029119729995728 
-0.15578959882259368896 
-0.09054702520370483398 
-0.06277644634246826172 
-0.10147457569837570190 
-0.07124021649360656738 
-0.13894619047641754150 
-0.19135612249374389648 
-0.14542768895626068115 
-0.14635436236858367920 
-0.20704944431781768799 
-0.15368844568729400635 
-0.12267412245273590088 
-0.14748917520046234131 
-0.13097374141216278076 
0.12632438540458679199 
0.12771899998188018799 
0.11588759720325469971 
0.19359825551509857178 
0.19013400375843048096 
0.18273103237152099609 
0.18176309764385223389 
0.21130536496639251709 
0.17022918164730072021 
0.36180311441421508789 
0.30849632620811462402 
0.14056202769279479980 
0.27560392022132873535 
0.09054148942232131958 
-0.07637139409780502319 
0.13497760891914367676 
-0.02560142055153846741 
-0.14163130521774291992 
0.25539106130599975586 
0.15677808225154876709 
-0.02011287957429885864 
0.12054415792226791382 
-0.11795881390571594238 
-0.29411548376083374023 
-0.03019952028989791870 
-0.24361543357372283936 
-0.36464703083038330078 
0.23849919438362121582 
0.14157274365425109863 
-0.00566975818946957588 
0.10057032853364944458 
-0.13110320270061492920 
-0.27792888879776000977 
-0.02568432688713073730 
-0.23363786935806274414 
-0.32948836684226989746 
0.23902873694896697998 
0.30987527966499328613 
0.06473620980978012085 
0.09006898105144500732 
-0.07610166817903518677 
-0.25570887327194213867 
-0.00071148230927065015 
-0.20556364953517913818 
-0.25005817413330078125 
0.35631489753723144531 
0.37993690371513366699 
0.05716880038380622864 
0.14790892601013183594 
-0.08454138785600662231 
-0.34281766414642333984 
-0.01092278771102428436 
-0.28586995601654052734 
-0.39586701989173889160 
0.35597178339958190918 
0.39788728952407836914 
0.08646968752145767212 
0.18229982256889343262 
-0.02528542652726173401 
-0.27923226356506347656 
0.03504165261983871460 
-0.21692427992820739746 
-0.33109641075134277344 
0.16667191684246063232 
0.17097800970077514648 
0.16872009634971618652 
0.17909337580204010010 
0.17934875190258026123 
0.17024809122085571289 
0.16053411364555358887 
0.19144280254840850830 
0.16880604624748229980 
0.00118497991934418678 
-0.02594188787043094635 
0.00151047157123684883 
-0.01909573376178741455 
-0.05162582173943519592 
-0.03037100657820701599 
-0.00957824382930994034 
-0.01042136736214160919 
-0.00378750916570425034 
-0.12046138942241668701 
-0.17090141773223876953 
-0.12404908239841461182 
-0.16372118890285491943 
-0.21932983398437500000 
-0.17791157960891723633 
-0.13394448161125183105 
-0.15728132426738739014 
-0.13078148663043975830 
-0.18046745657920837402 
-0.11724499613046646118 
0.18148769438266754150 
-0.07990255206823348999 
-0.00034994952147826552 
0.34017533063888549805 
0.18449483811855316162 
0.27753892540931701660 
0.40483334660530090332 
-0.48702785372734069824 
-0.40951347351074218750 
-0.04315690323710441589 
-0.37580659985542297363 
-0.27699732780456542969 
0.13039456307888031006 
-0.04814247786998748779 
0.06291612982749938965 
0.24374561011791229248 
-0.30833825469017028809 
-0.23790501058101654053 
0.10845540463924407959 
-0.20362076163291931152 
-0.11717585474252700806 
0.26644441485404968262 
0.10705740004777908325 
0.20362770557403564453 
0.36881259083747863770 
0.04404820501804351807 
0.00966332666575908661 
-0.04592193663120269775 
0.07451686263084411621 
0.02745619416236877441 
-0.05888152867555618286 
0.04025492444634437561 
0.01520346105098724365 
-0.04599161818623542786 
0.11533791571855545044 
0.06701436638832092285 
-0.00246835453435778618 
0.14725193381309509277 
0.08504012972116470337 
-0.01696968451142311096 
0.11463996022939682007 
0.07585643976926803589 
0.00035171306808479130 
-0.02083395607769489288 
-0.07155016064643859863 
-0.12228293716907501221 
-0.00051868724403902888 
-0.06439608335494995117 
-0.14637131989002227783 
-0.02194523997604846954 
-0.06314133852720260620 
-0.11968347430229187012 
0.09592837095260620117 
0.12468037754297256470 
0.10174061357975006104 
0.12232668697834014893 
0.15278567373752593994 
0.12963734567165374756 
0.07937990874052047729 
0.11532211303710937500 
0.08544833213090896606 
0.11637940257787704468 
0.13944666087627410889 
0.12636175751686096191 
0.13736778497695922852 
0.16125674545764923096 
0.14737449586391448975 
0.10524599254131317139 
0.13363452255725860596 
0.11229907721281051636 
-0.15872631967067718506 
-0.16319121420383453369 
-0.15240694582462310791 
-0.16730706393718719482 
-0.17251123487949371338 
-0.16109974682331085205 
-0.17379802465438842773 
-0.17338305711746215820 
-0.17065472900867462158 
-0.04381130635738372803 
-0.39102998375892639160 
-0.28564965724945068359 
0.18568173050880432129 
-0.10421309620141983032 
-0.08812877535820007324 
0.27207401394844055176 
0.24901700019836425781 
0.17421367764472961426 
-0.07708843797445297241 
-0.49503099918365478516 
-0.41571870446205139160 
0.24125535786151885986 
-0.10921352356672286987 
-0.12957003712654113770 
0.40863019227981567383 
0.34552642703056335449 
0.23217745125293731689 
-0.07149437069892883301 
-0.46935585141181945801 
-0.38805356621742248535 
0.22795012593269348145 
-0.10067863762378692627 
-0.11535279452800750732 
0.37457847595214843750 
0.32480803132057189941 
0.22145007550716400146 
-0.18848350644111633301 
-0.17792737483978271484 
-0.18292556703090667725 
-0.18481646478176116943 
-0.12894408404827117920 
-0.17017853260040283203 
-0.19339779019355773926 
-0.18588647246360778809 
-0.19133254885673522949 
0.10368701815605163574 
0.17416752874851226807 
0.13986839354038238525 
0.14413531124591827393 
0.26450121402740478516 
0.19054219126701354980 
0.08363787084817886353 
0.14819313585758209229 
0.11333590000867843628 
-0.05043452978134155273 
0.02727965451776981354 
-0.00554894795641303062 
-0.00488439155742526054 
0.12199404835700988770 
0.05089046806097030640 
-0.06530017405748367310 
0.00711000058799982071 
-0.02640966139733791351 
-0.04399502277374267578 
-0.03687759488821029663 
0.28088846802711486816 
-0.34596240520477294922 
-0.43290257453918457031 
0.20495636761188507080 
-0.06763567775487899780 
-0.07852354645729064941 
0.24074144661426544189 
-0.07185700535774230957 
-0.02275021560490131378 
0.38729131221771240234 
-0.42247527837753295898 
-0.46505883336067199707 
0.28503441810607910156 
-0.10352250933647155762 
-0.07197933644056320190 
0.33926242589950561523 
-0.03383943811058998108 
-0.00187677284702658653 
0.36880159378051757812 
-0.37024724483489990234 
-0.43076616525650024414 
0.27394396066665649414 
-0.06858932226896286011 
-0.05537610128521919250 
0.31682923436164855957 
-0.18985445797443389893 
-0.17633692920207977295 
-0.16050745546817779541 
-0.19384337961673736572 
-0.17836204171180725098 
-0.17088714241981506348 
-0.15913572907447814941 
-0.18455751240253448486 
-0.12442966550588607788 
-0.00388477090746164322 
0.02269585803151130676 
-0.02902579121291637421 
-0.01421229261904954910 
0.01214919146150350571 
-0.04767225310206413269 
-0.06590684503316879272 
-0.08424107730388641357 
-0.07995966076850891113 
0.21956987679004669189 
0.27089405059814453125 
0.14517575502395629883 
0.22818472981452941895 
0.27890390157699584961 
0.14357195794582366943 
0.10133075714111328125 
0.10542412102222442627 
0.03615477308630943298 
-0.23386982083320617676 
-0.16781021654605865479 
-0.09850767999887466431 
-0.10912691056728363037 
0.16967892646789550781 
0.13140653073787689209 
-0.04033394157886505127 
0.18010230362415313721 
0.11987510323524475098 
-0.26350829005241394043 
-0.16567972302436828613 
-0.07209669053554534912 
-0.09885682910680770874 
0.22138290107250213623 
0.20242452621459960938 
0.00267145922407507896 
0.26151350140571594238 
0.21539773046970367432 
-0.29206657409667968750 
-0.21533535420894622803 
-0.12312724441289901733 
-0.15050287544727325439 
0.14034545421600341797 
0.12203539162874221802 
-0.05022325739264488220 
0.17961132526397705078 
0.13728672266006469727 
0.12836743891239166260 
0.08564196527004241943 
0.12136984616518020630 
0.11066163331270217896 
-0.01458230242133140564 
0.11101207882165908813 
0.15973611176013946533 
0.09495540708303451538 
0.15397617220878601074 
0.12447353452444076538 
0.09525505453348159790 
0.11141251027584075928 
0.11669213324785232544 
0.00535034621134400368 
0.11018975824117660522 
0.14212980866432189941 
0.09029514342546463013 
0.12912420928478240967 
0.14893703162670135498 
0.13036444783210754395 
0.13415098190307617188 
0.14171802997589111328 
0.04218798130750656128 
0.13311348855495452881 
0.15279443562030792236 
0.11152215301990509033 
0.13753545284271240234 
-0.11059974879026412964 
-0.12367570400238037109 
-0.10691541433334350586 
-0.09241820126771926880 
-0.06347280740737915039 
-0.10601826012134552002 
-0.10283363610506057739 
-0.10179035365581512451 
-0.10756918787956237793 
-0.07462560385465621948 
-0.07831065356731414795 
-0.07127870619297027588 
-0.04749714955687522888 
-0.00727669103071093559 
-0.06131960079073905945 
-0.07251923531293869019 
-0.06059125438332557678 
-0.07648329436779022217 
0.01326195150613784790 
0.03292725980281829834 
0.01893478818237781525 
0.05959529802203178406 
0.12322559952735900879 
0.04791402071714401245 
0.01089092623442411423 
0.04489810019731521606 
0.00816116854548454285 
0.00571336084976792336 
-0.01817619800567626953 
-0.12190243601799011230 
0.19312122464179992676 
0.28351157903671264648 
-0.02150795608758926392 
0.11672158539295196533 
0.20606373250484466553 
-0.00898326188325881958 
-0.15612162649631500244 
-0.19752818346023559570 
-0.31025812029838562012 
0.04034596681594848633 
0.11548385024070739746 
-0.20319740474224090576 
-0.02443783916532993317 
0.05197800323367118835 
-0.17438021302223205566 
-0.00503388140350580215 
-0.03748786076903343201 
-0.14911501109600067139 
0.18421320617198944092 
0.26538953185081481934 
-0.04233448952436447144 
0.11910768598318099976 
0.19854152202606201172 
-0.01941619440913200378 
-0.24479655921459197998 
-0.26261711120605468750 
-0.33642569184303283691 
0.09554114937782287598 
0.37399762868881225586 
-0.08733696490526199341 
0.09352687001228332520 
0.36522156000137329102 
-0.00308947963640093803 
-0.29000347852706909180 
-0.32222342491149902344 
-0.42748394608497619629 
0.12724606692790985107 
0.40158507227897644043 
-0.10683777928352355957 
0.16730642318725585938 
0.43927687406539916992 
0.02671520784497261047 
-0.27007344365119934082 
-0.30398133397102355957 
-0.39854556322097778320 
0.11472005397081375122 
0.37811118364334106445 
-0.10353793203830718994 
0.14936898648738861084 
0.40726801753044128418 
0.02333042770624160767 
-0.30530282855033874512 
-0.16753503680229187012 
0.03397209197282791138 
-0.24142910540103912354 
0.14228928089141845703 
0.34415394067764282227 
-0.10461871325969696045 
0.09734739363193511963 
0.18610833585262298584 
-0.43226039409637451172 
-0.20673625171184539795 
0.07580716907978057861 
-0.32399612665176391602 
0.16329655051231384277 
0.44448512792587280273 
-0.14450736343860626221 
0.14883978664875030518 
0.30314722657203674316 
-0.40322902798652648926 
-0.19461406767368316650 
0.06705148518085479736 
-0.30449509620666503906 
0.15433476865291595459 
0.40919971466064453125 
-0.13797050714492797852 
0.13048458099365234375 
0.26570960879325866699 
0.06093799695372581482 
0.06914270669221878052 
0.06014954298734664917 
0.07318608462810516357 
0.08916553854942321777 
0.07417805492877960205 
0.06187231093645095825 
0.07536138594150543213 
0.06654226779937744141 
0.05063161626458168030 
0.04089996963739395142 
0.05201070755720138550 
0.04168436303734779358 
0.03889391198754310608 
0.04436671361327171326 
0.04926370456814765930 
0.04500384628772735596 
0.05473826453089714050 
-0.17164021730422973633 
-0.20385186374187469482 
-0.17306712269783020020 
-0.20307900011539459229 
-0.22849301993846893311 
-0.20274835824966430664 
-0.17413660883903503418 
-0.19977772235870361328 
-0.17028588056564331055 
-0.32816252112388610840 
-0.27985194325447082520 
-0.29610091447830200195 
-0.09964942187070846558 
0.33411610126495361328 
0.00453636841848492622 
0.04458109289407730103 
0.45954200625419616699 
0.13463163375854492188 
-0.43103256821632385254 
-0.35003700852394104004 
-0.36224135756492614746 
-0.12045752257108688354 
0.36192467808723449707 
0.02334621548652648926 
0.07618031650781631470 
0.53946864604949951172 
0.20172837376594543457 
-0.36889767646789550781 
-0.28371742367744445801 
-0.29718700051307678223 
-0.08745761215686798096 
0.38095042109489440918 
0.05269271507859230042 
0.07536737620830535889 
0.51844120025634765625 
0.19605535268783569336 
0.17119529843330383301 
0.21669764816761016846 
0.05649390071630477905 
0.01644653268158435822 
0.00429484574124217033 
-0.08407679200172424316 
-0.08887924253940582275 
-0.12936986982822418213 
-0.13394564390182495117 
0.29444187879562377930 
0.32921072840690612793 
0.15041705965995788574 
0.10120346397161483765 
0.07380548864603042603 
-0.03111723251640796661 
-0.03734916821122169495 
-0.09569799900054931641 
-0.11113025993108749390 
0.13081502914428710938 
0.15459607541561126709 
-0.00133177440147846937 
-0.06252336502075195312 
-0.09860468655824661255 
-0.18317151069641113281 
-0.17010962963104248047 
-0.23584525287151336670 
-0.23454524576663970947 
0.10265406966209411621 
0.04595486447215080261 
0.09067708253860473633 
0.12120296061038970947 
0.01886369660496711731 
0.10113111883401870728 
0.10223452746868133545 
0.04860275983810424805 
0.08034358173608779907 
-0.10993681848049163818 
-0.19758695363998413086 
-0.12538067996501922607 
-0.11337133496999740601 
-0.24885691702365875244 
-0.13633574545383453369 
-0.10413960367441177368 
-0.18644011020660400391 
-0.12792585790157318115 
-0.03588819876313209534 
-0.11990397423505783081 
-0.04643797501921653748 
-0.04197054356336593628 
-0.17326267063617706299 
-0.05966520681977272034 
-0.03258638828992843628 
-0.11105626076459884644 
-0.05120770633220672607 
-0.11063665151596069336 
-0.11243555694818496704 
-0.15568645298480987549 
-0.01835439354181289673 
0.02441533282399177551 
-0.10447414964437484741 
-0.04090110957622528076 
-0.01628015562891960144 
-0.10676192492246627808 
0.06623433530330657959 
0.06585025787353515625 
-0.00401070434600114822 
0.19449427723884582520 
0.24023479223251342773 
0.07850370556116104126 
0.17332828044891357422 
0.20117153227329254150 
0.07894423604011535645 
-0.10626303404569625854 
-0.11452697962522506714 
-0.16372662782669067383 
-0.00123175687622278929 
0.03562608361244201660 
-0.10281683504581451416 
-0.01397882215678691864 
0.00525391567498445511 
-0.09490838646888732910 
0.33012986183166503906 
0.35892653465270996094 
0.39616027474403381348 
-0.00446805311366915703 
-0.16933602094650268555 
0.21756371855735778809 
-0.11403125524520874023 
-0.28587603569030761719 
0.08607976138591766357 
0.18029598891735076904 
0.20340009033679962158 
0.28342822194099426270 
-0.23187284171581268311 
-0.40738680958747863770 
0.03896908834576606750 
-0.36571216583251953125 
-0.55175447463989257812 
-0.11616418510675430298 
0.29136991500854492188 
0.31167250871658325195 
0.37733772397041320801 
-0.09715580195188522339 
-0.27026483416557312012 
0.15261276066303253174 
-0.22289325296878814697 
-0.40462690591812133789 
0.00768054649233818054 
-0.05869728326797485352 
0.13775157928466796875 
0.22143657505512237549 
-0.19022376835346221924 
0.01994502544403076172 
0.19511277973651885986 
-0.19143636524677276611 
-0.12912531197071075439 
0.00047422887291759253 
-0.07049958407878875732 
0.16897569596767425537 
0.28537535667419433594 
-0.23056776821613311768 
0.02520111389458179474 
0.24065673351287841797 
-0.24971613287925720215 
-0.15264013409614562988 
0.01558871567249298096 
-0.06310712546110153198 
0.15044417977333068848 
0.25260803103446960449 
-0.21859949827194213867 
0.01303413137793540955 
0.21116724610328674316 
-0.22979894280433654785 
-0.14925546944141387939 
0.00594821199774742126 
0.18478716909885406494 
0.18296132981777191162 
0.21322652697563171387 
-0.06467631459236145020 
-0.33172512054443359375 
-0.01420332212001085281 
-0.11015832424163818359 
-0.37998616695404052734 
-0.08947984874248504639 
0.30771788954734802246 
0.29837188124656677246 
0.34127289056777954102 
-0.03182225301861763000 
-0.32256066799163818359 
0.02638700418174266815 
-0.14375187456607818604 
-0.44364115595817565918 
-0.11676502227783203125 
0.28635996580123901367 
0.27824068069458007812 
0.30842188000679016113 
-0.02256020717322826385 
-0.30704486370086669922 
0.02450760640203952789 
-0.11940003931522369385 
-0.41201642155647277832 
-0.10298664867877960205 
0.01050852611660957336 
-0.05518026649951934814 
-0.17626519501209259033 
0.17095707356929779053 
0.13875548541545867920 
-0.13328704237937927246 
0.06857022643089294434 
0.05752702057361602783 
-0.11471854150295257568 
0.09669701009988784790 
0.00467646773904561996 
-0.15041117370128631592 
0.27965870499610900879 
0.22147244215011596680 
-0.09147724509239196777 
0.18363142013549804688 
0.14939181506633758545 
-0.05940686166286468506 
-0.04254855588078498840 
-0.13263085484504699707 
-0.25632083415985107422 
0.11691328883171081543 
0.06137703731656074524 
-0.21487495303153991699 
0.03554726392030715942 
0.00140741944778710604 
-0.17419812083244323730 
0.10668026655912399292 
0.28623309731483459473 
0.42510887980461120605 
-0.37709406018257141113 
-0.24571871757507324219 
0.30716747045516967773 
-0.34069246053695678711 
-0.29558902978897094727 
0.13225588202476501465 
0.09883999079465866089 
0.35624322295188903809 
0.57510966062545776367 
-0.48058259487152099609 
-0.26492789387702941895 
0.39756309986114501953 
-0.48605519533157348633 
-0.36805608868598937988 
0.16743516921997070312 
0.10345240682363510132 
0.33046445250511169434 
0.51294213533401489258 
-0.44129025936126708984 
-0.25068026781082153320 
0.36411213874816894531 
-0.43794333934783935547 
-0.33834397792816162109 
0.15643641352653503418 
-0.13086923956871032715 
-0.18674220144748687744 
-0.25350815057754516602 
0.05354406684637069702 
0.11727266013622283936 
-0.17994315922260284424 
-0.01713190972805023193 
0.04505522921681404114 
-0.14532445371150970459 
-0.06726888567209243774 
-0.13530047237873077393 
-0.25851720571517944336 
0.18651542067527770996 
0.24376493692398071289 
-0.12498847395181655884 
0.11588541418313980103 
0.17528656125068664551 
-0.08063878118991851807 
-0.02848321758210659027 
-0.07600794732570648193 
-0.20166891813278198242 
0.22551435232162475586 
0.30200260877609252930 
-0.06013078615069389343 
0.14379103481769561768 
0.21982133388519287109 
-0.03164292126893997192 
-0.36283946037292480469 
-0.38248261809349060059 
-0.07348042726516723633 
-0.18524731695652008057 
-0.00814520195126533508 
0.21025793254375457764 
0.11510787159204483032 
0.34456446766853332520 
0.32593291997909545898 
-0.48405709862709045410 
-0.46559554338455200195 
-0.09077420830726623535 
-0.23572763800621032715 
-0.00494583416730165482 
0.26982283592224121094 
0.15393225848674774170 
0.43593570590019226074 
0.45485800504684448242 
-0.45139902830123901367 
-0.44357869029045104980 
-0.08717644959688186646 
-0.22162371873855590820 
-0.01118406932801008224 
0.24371200799942016602 
0.14303869009017944336 
0.39877000451087951660 
0.40707463026046752930 
0.06440807133913040161 
-0.10362786799669265747 
-0.26154589653015136719 
0.16197858750820159912 
-0.02993109636008739471 
-0.33031600713729858398 
0.07784140855073928833 
0.05642072111368179321 
-0.11027576774358749390 
0.16756543517112731934 
-0.09247749298810958862 
-0.35796970129013061523 
0.30806005001068115234 
0.02136817388236522675 
-0.39859223365783691406 
0.23466324806213378906 
0.13664510846138000488 
-0.13477233052253723145 
0.19618554413318634033 
-0.03699766099452972412 
-0.30172806978225708008 
0.34061837196350097656 
0.08399383723735809326 
-0.33069053292274475098 
0.25599321722984313965 
0.18033349514007568359 
-0.08776058256626129150 
0.09335971623659133911 
0.26183617115020751953 
0.39673268795013427734 
-0.16163438558578491211 
0.02310664765536785126 
0.33817335963249206543 
-0.13694080710411071777 
0.01481499895453453064 
0.22911766171455383301 
-0.05524460598826408386 
0.13476900756359100342 
0.33324924111366271973 
-0.36483973264694213867 
-0.15524385869503021240 
0.23351615667343139648 
-0.33124816417694091797 
-0.15963129699230194092 
0.12487410753965377808 
-0.08979314565658569336 
0.05867116898298263550 
0.25323483347892761230 
-0.40399408340454101562 
-0.23614285886287689209 
0.14306850731372833252 
-0.35029485821723937988 
-0.21698503196239471436 
0.06087553501129150391 
0.00401619262993335724 
0.01031087059527635574 
0.00411674706265330315 
0.02063850127160549164 
0.04231073334813117981 
0.02157350070774555206 
0.00498014083132147789 
0.01619650796055793762 
0.01049088127911090851 
0.12566034495830535889 
0.13452437520027160645 
0.13262684643268585205 
0.13894164562225341797 
0.16263414919376373291 
0.14550267159938812256 
0.12466027587652206421 
0.13674537837505340576 
0.13372743129730224609 
-0.15111087262630462646 
-0.16209758818149566650 
-0.14677017927169799805 
-0.15829873085021972656 
-0.15486028790473937988 
-0.15428964793682098389 
-0.15430553257465362549 
-0.16138081252574920654 
-0.14715307950973510742 
0.37814804911613464355 
0.14995823800563812256 
-0.09938255697488784790 
0.33295661211013793945 
-0.22060386836528778076 
-0.51870256662368774414 
0.27094221115112304688 
-0.01171813067048788071 
-0.22309827804565429688 
0.50040096044540405273 
0.15793251991271972656 
-0.18845403194427490234 
0.42490977048873901367 
-0.26625356078147888184 
-0.67140007019042968750 
0.35854527354240417480 
-0.04496702551841735840 
-0.35057273507118225098 
0.46370047330856323242 
0.16602094471454620361 
-0.14674308896064758301 
0.39816543459892272949 
-0.24064894020557403564 
-0.61223310232162475586 
0.32768586277961730957 
-0.03203399106860160828 
-0.30880859494209289551 
0.05268803983926773071 
0.02540543302893638611 
0.08820330351591110229 
-0.08019977062940597534 
-0.15045896172523498535 
0.04148736223578453064 
0.00196650670841336250 
-0.04740859568119049072 
0.05644935369491577148 
-0.07442726939916610718 
-0.07757219672203063965 
0.01520115509629249573 
-0.23309127986431121826 
-0.27801823616027832031 
-0.04599127173423767090 
-0.15689563751220703125 
-0.18269643187522888184 
-0.04256563633680343628 
0.12699455022811889648 
0.16893544793128967285 
0.23803551495075225830 
-0.00122762937098741531 
0.00069239159347489476 
0.20508599281311035156 
0.03577188029885292053 
0.05411231890320777893 
0.16965566575527191162 
-0.27078935503959655762 
-0.31478255987167358398 
-0.00562812946736812592 
-0.15887783467769622803 
-0.13578036427497863770 
0.14166872203350067139 
-0.00540927518159151077 
0.03158832713961601257 
0.11148429661989212036 
-0.33872219920158386230 
-0.32948961853981018066 
0.03883090242743492126 
-0.14352050423622131348 
-0.05691214650869369507 
0.27266421914100646973 
0.07197306305170059204 
0.17007833719253540039 
0.28292357921600341797 
-0.27397471666336059570 
-0.26331019401550292969 
0.06894963979721069336 
-0.07121032476425170898 
0.01288260985165834427 
0.30384320020675659180 
0.12269581854343414307 
0.21773336827754974365 
0.29993614554405212402 
0.11060740798711776733 
-0.14417366683483123779 
-0.16846346855163574219 
0.25348401069641113281 
-0.03425237163901329041 
-0.08123179525136947632 
0.32685902714729309082 
0.23576194047927856445 
0.15412464737892150879 
-0.02613010816276073456 
-0.33279871940612792969 
-0.36773020029067993164 
0.13500368595123291016 
-0.20328591763973236084 
-0.26486533880233764648 
0.24752658605575561523 
0.11749914288520812988 
0.02211056835949420929 
0.04517472535371780396 
-0.24549749493598937988 
-0.27318993210792541504 
0.19594612717628479004 
-0.12340892851352691650 
-0.17490524053573608398 
0.30062666535377502441 
0.18325534462928771973 
0.09996969252824783325 
-0.11819525808095932007 
-0.04717912524938583374 
0.05607524141669273376 
-0.09878389537334442139 
0.01390128117054700851 
0.14319320023059844971 
-0.03451735526323318481 
0.05097510293126106262 
0.12314192205667495728 
-0.07352738082408905029 
0.02083533257246017456 
0.15315224230289459229 
-0.04329246282577514648 
0.09528972953557968140 
0.25358799099922180176 
0.04178402945399284363 
0.15019932389259338379 
0.24646994471549987793 
-0.23849333822727203369 
-0.17497575283050537109 
-0.04208441078662872314 
-0.22775872051715850830 
-0.12246657907962799072 
0.03500565513968467712 
-0.13378068804740905762 
-0.05737291648983955383 
0.04029984399676322937 
0.04298934713006019592 
0.09854051470756530762 
0.22941052913665771484 
-0.12695695459842681885 
-0.10364926606416702271 
0.18545515835285186768 
-0.01578350737690925598 
0.00424273638054728508 
0.15893888473510742188 
-0.11533685773611068726 
-0.04046622663736343384 
0.12966994941234588623 
-0.30907845497131347656 
-0.26433125138282775879 
0.07230287045240402222 
-0.18305206298828125000 
-0.14473281800746917725 
0.05139726400375366211 
0.00912305619567632675 
0.08721029758453369141 
0.23265513777732849121 
-0.16495290398597717285 
-0.11551519483327865601 
0.19174918532371520996 
-0.05257836729288101196 
-0.00867471471428871155 
0.16296650469303131104 
0.35323622822761535645 
0.11756504327058792114 
0.02054979465901851654 
0.29886680841445922852 
-0.12868259847164154053 
-0.18665252625942230225 
0.32502910494804382324 
0.12952093780040740967 
0.05386377125978469849 
0.17063108086585998535 
-0.13316667079925537109 
-0.24944877624511718750 
0.09270762652158737183 
-0.41218945384025573730 
-0.48976370692253112793 
0.14676032960414886475 
-0.11370508372783660889 
-0.20563773810863494873 
0.29967808723449707031 
0.02390031516551971436 
-0.08351235836744308472 
0.23045375943183898926 
-0.24196998775005340576 
-0.31117242574691772461 
0.27573534846305847168 
0.04112756624817848206 
-0.04330287501215934753 
-0.28468161821365356445 
-0.04440472647547721863 
0.11191056668758392334 
-0.28596532344818115234 
0.27352276444435119629 
0.44455817341804504395 
-0.30099481344223022461 
-0.02337683737277984619 
0.11767759174108505249 
-0.36752653121948242188 
-0.04093430563807487488 
0.17358979582786560059 
-0.36213865876197814941 
0.29757750034332275391 
0.52954030036926269531 
-0.39189910888671875000 
-0.02742473222315311432 
0.17104656994342803955 
-0.31998896598815917969 
-0.02897462993860244751 
0.15085260570049285889 
-0.31702452898025512695 
0.29317614436149597168 
0.48624768853187561035 
-0.35386803746223449707 
-0.02387704700231552124 
0.14334012567996978760 
-0.20289008319377899170 
-0.24480745196342468262 
-0.19338934123516082764 
-0.24688537418842315674 
-0.28674325346946716309 
-0.23610432446002960205 
-0.21393024921417236328 
-0.25577372312545776367 
-0.20606867969036102295 
0.13339568674564361572 
0.14330360293388366699 
0.13384549319744110107 
0.16017723083496093750 
0.17601621150970458984 
0.16200341284275054932 
0.14201447367668151855 
0.15403908491134643555 
0.14183886349201202393 
0.08725974708795547485 
0.12510652840137481689 
0.08552385866641998291 
0.14986272156238555908 
0.19491086900234222412 
0.14985105395317077637 
0.11217671632766723633 
0.15377351641654968262 
0.11028166860342025757 
-0.28494399785995483398 
-0.18103453516960144043 
0.01963145285844802856 
-0.22900179028511047363 
0.14214947819709777832 
0.36932897567749023438 
-0.16244630515575408936 
0.07966520637273788452 
0.20952551066875457764 
-0.36689543724060058594 
-0.20320872962474822998 
0.05208361148834228516 
-0.27594825625419616699 
0.16854356229305267334 
0.44915229082107543945 
-0.18206213414669036865 
0.12521494925022125244 
0.29974779486656188965 
-0.33848372101783752441 
-0.20189942419528961182 
0.03336409851908683777 
-0.26034912467002868652 
0.14416429400444030762 
0.39952319860458374023 
-0.17121052742004394531 
0.10107949376106262207 
0.25689730048179626465 
-0.13224157691001892090 
-0.14820712804794311523 
-0.14015837013721466064 
-0.11431615799665451050 
-0.05200896039605140686 
-0.14594545960426330566 
-0.14144939184188842773 
-0.12272868305444717407 
-0.15309229493141174316 
-0.08482055366039276123 
-0.09884988516569137573 
-0.09431242942810058594 
-0.06934190541505813599 
-0.00378979952074587345 
-0.10350241512060165405 
-0.10501725226640701294 
-0.08290239423513412476 
-0.11830605566501617432 
-0.12713555991649627686 
-0.12236057221889495850 
-0.12940455973148345947 
-0.09883884340524673462 
-0.01406497601419687271 
-0.12568861246109008789 
-0.14974272251129150391 
-0.10978008806705474854 
-0.15683980286121368408 
-0.05334752425551414490 
-0.23530066013336181641 
-0.37766680121421813965 
0.36549451947212219238 
0.25714901089668273926 
-0.27182355523109436035 
0.24109964072704315186 
0.24468745291233062744 
-0.13991732895374298096 
-0.05113891512155532837 
-0.29619574546813964844 
-0.50566256046295166016 
0.43711686134338378906 
0.26941242814064025879 
-0.34579235315322875977 
0.33955019712448120117 
0.29546609520912170410 
-0.16705802083015441895 
-0.05029916390776634216 
-0.27645039558410644531 
-0.46224379539489746094 
0.40405854582786560059 
0.25930082798004150391 
-0.31402632594108581543 
0.30680191516876220703 
0.27920374274253845215 
-0.14287430047988891602 
0.00757738389074802399 
-0.06303568184375762939 
-0.30050987005233764648 
0.33993899822235107422 
0.37168267369270324707 
-0.23971818387508392334 
0.04556021466851234436 
0.05329136550426483154 
-0.26507523655891418457 
0.03749434277415275574 
-0.07043571025133132935 
-0.38369432091712951660 
0.41317144036293029785 
0.40950590372085571289 
-0.29248625040054321289 
0.09863743931055068970 
0.07444699853658676147 
-0.32224196195602416992 
0.03489656746387481689 
-0.03907965123653411865 
-0.32398527860641479492 
0.39256119728088378906 
0.42376446723937988281 
-0.23283976316452026367 
0.08827017247676849365 
0.09465252608060836792 
-0.26969462633132934570 
